-1888.2008261404567
-1888.196120984609
-1888.1836108632042
-1888.1666017309565
-1888.1476106196576
-1888.1284371977986
-1888.1102490881176
-1888.0936768374277
-1888.0789138903338
-1888.0658168768584
-1888.0540019456084
-1888.0429336485565
-1888.0320038186915
-1888.020598882094
-1888.0081548995788
-1887.99420031746
-1887.9783868395464
-1887.9605090474581
-1887.940513479979
-1887.9184979045845
-1887.8947015939432
-1887.869487605678
-1887.84331834812
-1887.8167260477637
-1887.7902799987667
-1887.7645525736173
-1887.7400858375047
-1887.7173602325424
-1887.6967662704049
-1887.6785796149964
-1887.6629363087081
-1887.6497561789104
-1887.6387855169255
-1887.6297038150876
-1887.6221434961
-1887.6156959315933
-1887.6099049951256
-1887.6042462790153
-1887.5980908453475
-1887.590653532246
-1887.580927366124
-1887.5676075905687
-1887.5490114974154
-1887.5230043508257
-1887.4869486715738
-1887.4377061071664
-1887.3717394509342
-1887.2853901482042
-1887.1754752442819
-1887.040596703582
-1886.8842775776757
-1886.7221544928968
-1886.595322607914
-1886.5886567260204
-1886.834383955289
-1887.430776298443
-1888.3095437567983
-1889.2629972270822
-1890.0385557794557
-1890.3621245912748
