-2749.5180188811805
-2749.5180115159696
-2749.5180039053516
-2749.517996158392
-2749.517988230877
-2749.5179801127856
-2749.5179717974165
-2749.5179632778436
-2749.5179545432234
-2749.5179455864272
-2749.5179363968236
-2749.517926966699
-2749.517917281206
-2749.517907334598
-2749.5178971501787
-2749.517886601186
-2749.5178758303496
-2749.5178646681525
-2749.5178532558766
-2749.517841463122
-2749.5178292740497
-2749.5178167497843
-2749.517803874059
-2749.517790511629
-2749.51777679923
-2749.517762561306
-2749.5177479334525
-2749.517732736371
-2749.517717066472
-2749.5177008971127
-2749.517684125682
-2749.5176667642963
-2749.5176487849667
-2749.5176301578344
-2749.517610812967
-2749.5175908340434
-2749.5175700701857
-2749.5175484842025
-2749.5175261559843
-2749.5175029273155
-2749.517478794985
-2749.5174537154357
-2749.517427640454
-2749.517400520838
-2749.5173723054772
-2749.5173429389547
-2749.51731236383
-2749.5172805188954
-2749.5172473403113
-2749.5172127615447
-2749.517176711164
-2749.5171391141357
-2749.5170998919903
-2749.517058961438
-2749.5170162356253
-2749.516971621735
-2749.516925022617
-2749.5168763355155
-2749.516825453317
-2749.5167722609076
-2749.5167166386145
-2749.5166584594963
-2749.5165975889836
-2749.5165338859156
-2749.5164672012843
-2749.516397376771
-2749.5163242455797
-2749.5162476315854
-2749.5161673486205
-2749.5160831994576
-2749.5160823495034
-2749.516166471486
-2749.5162467333266
-2749.516323331812
-2749.5163964524763
-2749.5164662706266
-2749.516532952009
-2749.5165966558893
-2749.516657529746
-2749.5167157158603
-2749.516771345176
-2749.5168245474447
-2749.5168754407505
-2749.516924139758
-2749.516970751362
-2749.5170153791664
-2749.517058120747
-2749.5170990666034
-2749.51713830398
-2749.517175916761
-2749.517211982374
-2749.5172465771348
-2749.517279771289
-2749.517311631257
-2749.51734222242
-2749.5173716026875
-2749.5173998325167
-2749.5174269675267
-2749.5174530554877
-2749.517478149482
-2749.517502294855
-2749.517525535985
-2749.5175479139707
-2749.5175694738045
-2749.5175902490305
-2749.517610277144
-2749.5176295939896
-2749.517648231725
-2749.517666221299
-2749.51768359049
-2749.517700370761
-2749.5177165876185
-2749.5177322665663
-2749.5177474303223
-2749.517762105379
-2749.517776310002
-2749.5177900685185
-2749.517803397648
-2749.517816317754
-2749.5178288470975
-2749.5178410026256
-2749.5178528003953
-2749.5178642562905
-2749.5178753823516
-2749.517886198193
-2749.5178967115603
-2749.51790693759
-2749.5179168890704
-2749.5179265759093
-2749.5179360091984
-2749.517945201428
-2749.517954161906
-2749.51796289714
-2749.517971418224
-2749.5179797354
-2749.5179878550402
-2749.5179957869013
-2749.5180035344642
-2749.518011107347
-2749.518018514565
-2749.5180257577404
-2749.51803284598
