-2749.7015906771476
-2749.700501710625
-2749.697348569602
-2749.6932183612416
-2749.6886107663336
-2749.6836725756507
-2749.6783805932773
-2749.672666613717
-2749.666486935599
-2749.659845095319
-2749.6527803418953
-2749.6453364487456
-2749.637526483954
-2749.629309615438
-2749.620627175159
-2749.6116264188586
-2749.60264157866
-2749.5940381804085
-2749.5860443680353
-2749.578624876528
-2749.571444537605
-2749.564055284245
-2749.5562274843123
-2749.54791171156
-2749.5392376543373
-2749.5305661621783
-2749.5225778547283
-2749.5162625834405
-2749.5121681758847
-2749.5103982917994
-2749.510850865114
-2749.5132383453665
-2749.5171394704867
-2749.5220663386476
-2749.5276999925454
-2749.534029321185
-2749.5409520004373
-2749.5482653295057
-2749.55571362278
-2749.5630405221746
-2749.570051203216
-2749.5767607425314
-2749.5832329470227
-2749.5894546175355
-2749.595334576734
-2749.600676752464
-2749.60512894332
-2749.6081006428276
-2748.736377699401
-2748.734427972534
-2748.7283919326837
-2749.586326428977
-2748.7020315077216
-2748.649163423491
-2747.400788326865
-2747.8293022791063
-2748.3143764802103
-2748.805381503829
-2749.4702492906954
-2749.596619601011
