-2749.5966196006257
-2749.5921278705896
-2749.579911150677
-2749.56162543682
-2749.5386305282627
-2749.512021965352
-2749.482668331837
-2749.451250833455
-2749.418302696366
-2749.3842435444817
-2749.349412061433
-2749.314075729788
-2749.2784523481364
-2749.2426970712095
-2749.2068870422145
-2749.170989735786
-2749.134818719375
-2749.0979809396176
-2749.0598177442216
-2749.0193473760432
-2748.9752160554453
-2748.925666660411
-2748.868534448803
-2748.801278852265
-2748.7210584223067
-2748.6248533509033
-2748.5096372028793
-2748.3725923477346
-2748.211358806884
-2748.0242982673444
-2747.8107612487274
-2747.5716332125885
-2747.309636506711
-2747.0289022938136
-2746.734574450184
-2746.4295744469086
-2746.1283546064983
-2745.830126908146
-2745.8620119740362
-2745.0076026717516
-2745.14612648208
-2745.3044868361026
-2745.522397211147
-2745.789225635368
-2746.0986959915567
-2746.438031157338
-2744.27164388453
-2744.63580738739
-2745.0087493841693
-2745.365833205597
-2745.721361862885
-2746.0459977862083
-2746.3308282019498
-2749.1680605412866
-2749.3758486639726
-2749.54060421188
-2749.665092982731
-2749.7523981903596
-2749.8046957484826
-2749.8223958086846
