-1890.3621245912577
-1890.2444128477323
-1889.9442859632081
-1889.543275068634
-1889.1230294195936
-1888.7599207903315
-1888.5139361300435
-1888.4119365740764
-1888.4395571047244
-1888.5560951123684
-1888.7190324936594
-1888.8975415909806
-1889.0737787315197
-1889.2392447954962
-1889.390798943616
-1889.5278809339832
-1889.651014831575
-1889.7611639901002
-1889.8594989199175
-1889.9473000636442
-1890.0258757075915
-1890.0964732142747
-1890.1602005554969
-1890.217977142105
-1890.2705208260775
-1890.3183659596184
-1890.3619009661998
-1890.401412966661
-1890.4371292998414
-1890.4692491321762
-1890.4979610614498
-1890.523429283145
-1890.5457564187839
-1890.5650048524026
-1890.5812339822812
-1890.5945314480111
-1890.6050365658652
-1890.6129548775793
-1890.618563341964
-1890.6222065426575
-1890.6242852416892
-1890.6252393905306
-1890.62552796529
-1890.6256075980762
-1890.6259110647634
-1890.626825724242
-1890.6286713782074
-1890.6316769841685
-1890.63595605668
-1890.6414811575162
-1890.6480583041305
-1890.6553022925132
-1890.6626138980737
-1890.6691597883976
-1890.6738558603672
-1890.675354586551
-1890.6720368017452
-1890.662008124621
-1890.6430998937692
-1890.612874128443
