-1890.6128682834028
-1890.628933406205
-1890.5227464850864
-1890.2983386260855
-1889.9657249837433
-1889.5416671829514
-1889.0472375846887
-1888.5036264993412
-1887.930075497986
-1885.1525753735448
-1886.1113915246822
-1887.1449654589765
-1888.189626022299
-1889.1808066773378
-1890.0875131834334
-1890.8906211538385
-1891.582601613651
-1892.163784077602
-1892.639758265812
-1893.019453290587
-1893.3137171701976
-1893.5343156517927
-1893.6932507840254
-1893.802240441198
-1893.8721980130008
-1893.91266246583
-1893.9312913637161
-1893.9335952848298
-1893.9229856159448
-1893.9010274727757
-1893.8677160477096
-1893.8219027222249
-1893.7613067618504
-1893.6822641614633
-1893.579897007814
-1893.4484995232228
-1893.282102047413
-1893.0751105596094
-1892.8229028076357
-1892.522303983872
-1892.1719333198555
-1891.7724832941096
-1891.3270738994197
-1890.8419810466482
-1890.3285007792945
-1889.8085235471192
-1889.3372287547934
-1889.1790683884321
-1889.601602549626
-1890.2286050930757
-1890.930456454718
-1891.6532802178554
-1892.364129618996
-1893.0386669040176
-1893.6564762708172
-1894.1989481895205
-1894.648393396607
-1894.9878853406456
-1895.2016004931565
-1895.275525600796
