-1589.099610135703
-1589.0941521714217
-1589.0788624592305
-1589.0552872772712
-1589.0248904287125
-1588.9890792211665
-1588.9492245917793
-1588.9066740407443
-1588.8627559582958
-1588.8187739448545
-1588.7759899018029
-1588.7355950216586
-1588.6986683593793
-1588.6661234328885
-1588.6386443574788
-1588.6166143870612
-1588.600041433996
-1588.5884870956452
-1588.5810076145308
-1588.5761166091293
-1588.5717797688487
-1588.5654505190066
-1588.5541524832527
-1588.5346098598875
-1588.5034204308408
-1588.4572597861434
-1588.3930996110837
-1588.3084197085227
-1588.2013932948148
-1588.071029120628
-1587.9172771175477
-1587.7414263602375
-1587.5462397309009
-1587.3357323130494
-1587.115759627349
-1586.8971557722687
-1586.703502042491
-1586.5612454567781
-1586.4771637049776
-1586.4455663541203
-1586.457194671288
-1586.5021802540666
-1586.5712643209126
-1586.627005454841
-1586.7512304568818
-1586.850221190259
-1586.9484898905941
-1587.0423934593553
-1587.1304373859764
-1587.2120046549671
-1587.2867682111373
-1587.3545091392587
-1587.4150672466938
-1587.4683136211725
-1587.5141272844007
-1587.5523685553562
-1587.5828456131724
-1587.6052726719008
-1587.6192193582974
-1587.624051729316
