-1890.3621245912577
-1890.3215951468233
-1890.1950637452278
-1889.9784897556358
-1889.6740587410236
-1889.2932657889435
-1888.8637517105833
-1888.4481626760369
-1888.1618099389361
-1888.0891919353726
-1888.2125663690513
-1888.4577797521868
-1888.7482044430046
-1889.0342874860592
-1889.2919143562997
-1889.5105811501312
-1889.6873526366098
-1889.824126208695
-1889.925787419196
-1889.998959276109
-1890.0510424531114
-1890.0894236888093
-1890.1201409003272
-1890.147318341974
-1890.1736085031778
-1890.2006105358835
-1890.2291942330476
-1890.2596952650244
-1890.2918124031592
-1890.3247923044669
-1890.3577202498157
-1890.3896676563115
-1890.4197682472375
-1890.4472241725266
-1890.4713682783608
-1890.4919306119657
-1890.5090672815277
-1890.5233727844477
-1890.535819781762
-1890.5476116654088
-1890.5599317343106
-1890.5734534777614
-1890.5884039159685
-1890.6049056418028
-1890.6230911556563
-1890.6430987881058
-1890.664956049224
-1890.6882477768856
-1890.711786145142
-1890.7340850520238
-1890.7536391664528
-1890.7691045204654
-1890.779434992974
-1890.7839693090175
-1890.782468930447
-1890.775111783474
-1890.7624497450304
-1890.7453391289746
-1890.7248532612107
-1890.7021850071633
