-725.7970563993342
-725.7970553101121
-725.7970542168564
-725.7970531195606
-725.7970520182067
-725.7970509127797
-725.7970498032662
-725.7970486896506
-725.797047571914
-725.7970464500428
-725.7970453240255
-725.7970441938407
-725.7970430594821
-725.7970419209253
-725.7970407781572
-725.7970396311648
-725.7970384799277
-725.7970373244355
-725.797036164666
-725.7970350006153
-725.7970338322515
-725.7970326595687
-725.7970314825504
-725.7970303011792
-725.7970291154408
-725.7970279253168
-725.7970267307891
-725.7970255318446
-725.7970243284622
-725.7970231206342
-725.797021908339
-725.7970206915585
-725.7970194702763
-725.7970182444814
-725.7970170141548
-725.7970157792674
-725.7970145398198
-725.7970132957893
-725.7970120471558
-725.7970107939036
-725.7970095360179
-725.7970082734807
-725.7970070062713
-725.7970057343723
-725.7970044577711
-725.7970031764531
-725.7970018904009
-725.7970005995693
-725.7969993039856
-725.796998003602
-725.7969966984127
-725.7969953883947
-725.7969940735263
-725.7969927537928
-725.7969914291859
-725.7969900996773
-725.7969887652482
-725.7969874258856
-725.7969860815662
-725.7969847322821
-725.7969833779987
-725.796982018711
-725.7969806543957
-725.7969792850336
-725.796977910604
-725.796976531096
-725.7969751464756
-725.7969737567369
-725.796972361858
-725.7969709618231
-725.7969695566112
-725.7969681461964
-725.7969667305708
-725.796965309702
-725.7969638835813
-725.7969624521841
-725.7969610154928
-725.796959573481
-725.7969581261409
-725.7969566734512
-725.7969552153797
-725.7969537519153
-725.7969522830467
-725.796950808733
-725.7969493289719
-725.7969478437366
-725.7969463530077
-725.7969448567619
-725.7969433549858
-725.7969418476431
-725.7969403347361
-725.7969388162253
-725.7969372921
-725.7969357623406
-725.7969342269173
-725.7969326858168
-725.7969311390085
-725.7969295864879
-725.7969280282122
-725.7969264641796
-725.796924894363
-725.7969233187388
-725.7969217372794
-725.7969201499717
-725.796918556798
-725.7969169577239
-725.796915352736
-725.7969137418067
-725.7969121249233
-725.7969105020562
-725.7969088731793
-725.7969072382906
-725.796905597343
-725.7969039503205
-725.7969022972143
-725.7969006379892
-725.7968989726253
-725.7968973010996
-725.7968956233883
-725.7968939394732
-725.7968922493272
-725.7968905529254
-725.7968888502462
-725.7968871412808
-725.7968854259773
-725.7968837043289
-725.796881976315
-725.7968802419092
-725.7968785010854
-725.7968767538192
-725.796875000089
-725.7968732398764
-725.7968714731388
-725.7968696998684
-725.796867920043
-725.7968661336258
-725.7968643406028
-725.7968625409449
-725.7968607346255
-725.7968589216256
-725.7968571019205
-725.7968552754775
-725.7968534422785
-725.7968516022929
-725.7968497555036
-725.796847901876
-725.796846041394
-725.7968441740312
-725.7968422997529
-725.7968404185413
-725.7968385303652
-725.7968366352044
-725.7968347330392
-725.7968328238287
-725.7968309075501
-725.7968289841825
-725.7968270536993
-725.7968251160777
-725.7968231712807
-725.7968212192909
-725.7968192600697
-725.7968172936038
-725.7968153198647
-725.7968133388181
-725.7968113504327
-725.7968093547014
-725.7968073515783
-725.7968053410466
-725.7968033230735
-725.796801297633
-725.7967992646975
-725.7967972242395
-725.7967951762259
-725.7967931206421
-725.7967910574396
-725.7967889866125
-725.796786908118
-725.7967848219321
-725.7967827280236
-725.7967806263663
-725.7967785169353
-725.7967763996905
-725.7967742746133
-725.7967721416685
-725.7967700008458
-725.7967678520783
-725.7967656953701
-725.7967635306827
-725.7967613579793
-725.7967591772368
-725.7967569884204
-725.7967547915017
-725.7967525864561
-725.7967503732507
-725.7967481518524
-725.7967459222364
-725.7967436843644
-725.7967414382008
-725.7967391837392
-725.7967369209268
-725.796734649738
-725.7967323701452
-725.7967300821145
-725.796727785617
-725.7967254806174
-725.7967231670918
-725.7967208449957
-725.796718514312
-725.7967161749953
-725.796713827021
-725.7967114703566
-725.7967091049688
-725.7967067308233
-725.7967043478949
-725.7967019561459
-725.7966995555454
-725.7966971460626
-725.7966947276499
-725.7966923002904
-725.7966898639442
-725.7966874185825
-725.7966849641621
-725.7966825006615
-725.7966800280495
-725.7966775462797
-725.7966750553165
-725.7966725551395
-725.7966700457035
-725.796667526982
-725.7966649989344
-725.7966624615308
-725.7966599147338
-725.796657358507
-725.796654792814
-725.7966522176317
-725.7966496329085
-725.796647038615
-725.7966444347285
-725.7966418211964
-725.7966391979868
-725.7966365650761
-725.7966339224026
-725.7966312699591
-725.7966286076872
-725.7966259355622
-725.7966232535491
-725.7966205616011
-725.7966178596919
-725.796615147774
-725.7966124258165
-725.7966096937835
-725.796606951636
-725.7966041993413
-725.7966014368476
-725.7965986641337
-725.7965958811534
-725.7965930878615
-725.7965902842393
-725.796587470224
-725.7965846457961
-725.7965818109133
-725.7965789655331
-725.7965761096157
-725.7965732431295
-725.7965703660275
-725.7965674782678
-725.7965645798216
-725.7965616706396
-725.7965587506875
-725.7965558199262
-725.796552878316
-725.7965499258036
-725.7965469623628
-725.7965439879483
-725.7965410025274
-725.7965380060429
-725.7965349984643
-725.7965319797507
-725.7965289498601
-725.7965259087524
-725.7965228563799
-725.7965197927135
-725.7965167176925
-725.7965136312812
-725.7965105334483
-725.7965074241397
-725.7965043033113
-725.7965011709393
-725.7964980269594
-725.7964948713442
-725.7964917040307
-725.7964885249977
-725.7964853341941
-725.7964821315708
-725.7964789170825
-725.796475690695
-725.79647245235
-725.7964692020246
-725.7964659396554
-725.7964626652094
-725.7964593786271
-725.7964560798814
-725.7964527689165
-725.7964494456844
-725.7964461101539
-725.79644276226
-725.7964394019691
-725.7964360292332
-725.7964326440131
-725.7964292462542
-725.7964258358988
-725.7964224129232
-725.7964189772683
-725.7964155288853
-725.7964120677307
-725.7964085937546
-725.7964051069146
-725.7964016071525
-725.7963980944365
-725.7963945687094
-725.7963910299228
-725.7963874780207
-725.7963839129688
-725.7963803347061
-725.7963767431945
-725.7963731383809
-725.7963695202087
-725.7963658886368
-725.7963622436104
-725.7963585850845
-725.7963549130064
-725.7963512273196
-725.7963475279934
-725.7963438149533
-725.7963400881581
-725.7963363475614
-725.7963325931046
-725.7963288247414
-725.7963250424145
-725.7963212460824
-725.7963174356835
-725.7963136111633
-725.7963097724879
-725.7963059195762
-725.7963020523998
-725.7962981709036
-725.796294275008
-725.7962903646913
-725.7962864398805
-725.796282500538
-725.796278546594
-725.796274578003
-725.7962705947097
-725.7962665966589
-725.7962625837964
-725.796258556066
-725.7962545134087
-725.7962504557671
-725.7962463831058
-725.7962422953445
-725.7962381924434
-725.7962340743366
-725.7962299409733
-725.7962257922976
-725.7962216282431
-725.7962174487652
-725.7962132537988
-725.7962090432826
-725.7962048171678
-725.7962005753959
-725.79619631791
-725.7961920446445
-725.7961877555396
-725.7961834505423
-725.7961791295919
-725.7961747926339
-725.7961704396065
-725.7961660704322
-725.7961616850843
-725.7961572834799
-725.7961528655608
-725.7961484312751
-725.7961439805564
-725.7961395133391
-725.79613502957
-725.7961305291769
-725.7961260121144
-725.7961214783015
-725.7961169276933
-725.7961123602241
-725.7961077758151
-725.7961031744229
-725.796098555977
-725.796093920415
-725.7960892676706
-725.7960845976789
-725.7960799103829
-725.7960752057102
-725.7960704836072
-725.7960657439903
-725.7960609868105
-725.7960562120018
-725.7960514194959
-725.7960466092239
-725.7960417811164
-725.7960369351204
-725.7960320711594
-725.7960271891671
-725.7960222890795
-725.7960173708279
-725.796012434346
-725.79600747957
-725.7960025064209
-725.7959975148381
-725.7959925047477
-725.79598747609
-725.7959824287963
-725.7959773627769
-725.79597227798
-725.795967174342
-725.7959620517847
-725.7959569102254
-725.7959517496089
-725.7959465698627
-725.795941370911
-725.7959361526969
-725.7959309151207
-725.7959256581378
-725.7959203816564
-725.7959150856154
-725.7959097699396
-725.7959044345446
-725.7958990793861
-725.7958937043604
-725.7958883094141
-725.79588289446
-725.7958774594157
-725.7958720042366
-725.7958665288267
-725.795861033112
-725.7958555170205
-725.7958499804722
-725.7958444233981
-725.7958388457191
-725.7958332473445
-725.7958276282257
-725.795821988271
-725.7958163273876
-725.7958106455219
-725.7958049425838
-725.7957992185037
-725.7957934731888
-725.7957877065694
-725.7957819185681
-725.7957761091002
-725.795770278086
-725.7957644254407
-725.7957585511055
-725.7957526549654
-725.7957467369806
-725.795740797033
-725.7957348350549
-725.7957288509681
-725.7957228446792
-725.795716816119
-725.7957107652045
-725.7957046918478
-725.7956985959506
-725.7956924774558
-725.7956863362672
-725.7956801722991
-725.7956739854559
-725.7956677756745
-725.7956615428525
-725.795655286918
-725.7956490077813
-725.7956427053441
-725.7956363795345
-725.7956300302525
-725.7956236574207
-725.7956172609428
-725.7956108407382
-725.7956043967301
-725.795597928807
-725.7955914368857
-725.7955849208845
-725.7955783807087
-725.7955718162722
-725.7955652274736
-725.7955586142338
-725.7955519764611
-725.7955453140657
-725.7955386269433
-725.7955319150228
-725.795525178184
-725.795518416366
-725.7955116294492
-725.7955048173511
-725.795497979983
-725.7954911172328
-725.7954842290342
-725.7954773152599
-725.7954703758386
-725.7954634106754
-725.7954564196527
-725.7954494026997
-725.7954423597024
-725.7954352905762
-725.7954281952118
-725.7954210735204
-725.7954139254007
-725.7954067507505
-725.7953995494752
-725.7953923214682
-725.7953850666489
-725.7953777848926
-725.7953704761309
-725.7953631402338
-725.7953557771043
-725.795348386658
-725.7953409687877
-725.7953335233674
-725.7953260503225
-725.7953185495478
-725.7953110209234
-725.7953034643551
-725.7952958797462
-725.7952882669724
-725.795280625954
-725.7952729565601
-725.795265258719
-725.7952575322835
-725.7952497771709
-725.7952419932676
-725.7952341804835
-725.7952263386842
-725.7952184677808
-725.7952105676525
-725.7952026381917
-725.7951946793099
-725.7951866908772
-725.7951786727766
-725.7951706249166
-725.7951625471759
-725.7951544394374
-725.7951463016087
-725.7951381335556
-725.7951299351914
-725.7951217063787
-725.7951134470097
-725.7951051569694
-725.7950968361642
-725.7950884844489
-725.7950801017397
-725.7950716878844
-725.7950632427999
-725.7950547663439
-725.7950462584351
-725.7950377189102
-725.7950291476786
-725.7950205446092
-725.7950119096084
-725.7950032425271
-725.7949945432769
-725.7949858117055
-725.7949770477097
-725.7949682511569
-725.7949594219381
-725.794950559938
-725.794941665011
-725.7949327370634
-725.7949237759472
-725.7949147815428
-725.7949057537407
-725.7948966923926
-725.794887597401
-725.7948784686268
-725.7948693059341
-725.7948601092096
-725.7948508783179
-725.7948416131311
-725.7948323135428
-725.7948229793966
-725.7948136105712
-725.7948042069409
-725.7947947683866
-725.7947852947404
-725.7947759873628
-725.7947664439783
-725.7947568651315
-725.7947472507067
-725.7947376005583
-725.794727914557
-725.7947181925608
-725.7947084344362
-725.7946986400777
-725.7946888093032
-725.7946789420215
-725.794669038069
-725.794659097301
-725.7946491196076
-725.7946391048399
-725.7946290528598
-725.7946189635248
-725.7946088366856
-725.7945986722153
-725.7945884699938
-725.7945782298262
-725.7945679516272
-725.7945576352156
-725.7945472804641
-725.7945368872377
-725.794526455391
-725.7945159847496
-725.7945054751939
-725.7944949265897
-725.7944843387727
-725.7944737115985
-725.7944630449285
-725.7944523386078
-725.7944415924828
-725.7944308064233
-725.794419980273
-725.7944091138697
-725.7943982070738
-725.79438725973
-725.7943762716827
-725.7943652428049
-725.7943541729018
-725.7943430618559
-725.7943319094994
-725.7943207156812
-725.7943094802542
-725.7942982030461
-725.7942868839092
-725.7942755226859
-725.7942641192128
-725.794252673343
-725.7942411849186
-725.7942296537689
-725.7942180797459
-725.794206462686
-725.794194802423
-725.7941830987961
-725.7941713516431
-725.7941595608132
-725.7941477261321
-725.7941358474352
-725.7941239245677
-725.7941119573455
-725.7940999456188
-725.7940878892191
-725.7940757879821
-725.7940636417422
-725.794051450301
-725.7940392135337
-725.7940269312431
-725.7940146032732
-725.7940022294346
-725.7939898095618
-725.7939773435006
-725.7939648310689
-725.7939522720889
-725.7939396663694
-725.7939270137769
-725.7939143140968
-725.793901567176
-725.7938887728176
-725.7938759308776
-725.7938630411423
-725.7938501034677
-725.7938371176418
-725.7938240834951
-725.7938110008585
-725.7937978695284
-725.7937846893407
-725.7937714601045
-725.7937581816622
-725.793744853795
-725.7937314763267
-725.7937180490651
-725.7937045718409
-725.7936910444563
-725.7936774667368
-725.7936638384841
-725.793650159499
-725.7936364296035
-725.7936226486041
-725.7936088163058
-725.7935949325401
-725.7935809970787
-725.7935670097663
-725.7935529703616
-725.7935388787008
-725.7935247345825
-725.7935105378309
-725.7934962882092
-725.7934819855446
-725.7934676296268
-725.7934532202579
-725.793438757242
-725.79342424039
-725.7934096694927
-725.7933950443319
-725.7933803647062
-725.7933656304293
-725.7933508412856
-725.7933359970843
-725.7933210975901
-725.7933061426108
-725.7932911319579
-725.7932760653891
-725.7932609427264
-725.7932457637305
-725.79323052822
-725.7932152359464
-725.7931998867186
-725.7931844803319
-725.79316901657
-725.7931534951864
-725.7931379160019
-725.7931222787931
-725.7931065833329
-725.7930908293783
-725.793075016769
-725.7930591452412
-725.7930432145984
-725.7930272245965
-725.7930111750286
-725.792995065643
-725.79297889627
-725.7929626666252
-725.7929463765394
-725.7929300257385
-725.7929136140144
-725.7928971411374
-725.7928806068875
-725.7928640110048
-725.792847353296
-725.7928306334885
-725.7928138513904
-725.7927970067701
-725.7927800993381
-725.7927631288953
-725.7927460952164
-725.7927289980456
-725.7927118371373
-725.7926946122808
-725.7926773232233
-725.7926599697075
-725.7926425515118
-725.7926250683888
-725.7926075200716
-725.792589906354
-725.7925722269773
-725.7925544816771
-725.7925366702262
-725.7925187923603
-725.7925008478301
-725.7924828364108
-725.7924647578295
-725.7924466118276
-725.7924283981826
-725.7924101166006
-725.7923917668478
-725.7923733486693
-725.7923548618227
-725.7923363060057
-725.7923176810041
-725.7922989865341
-725.7922802223328
-725.7922613881583
-725.7922424837308
-725.7922235087971
-725.7922044630521
-725.7921853463001
-725.792166158205
-725.7921468985681
-725.7921275670551
-725.7921081634328
-725.792088687425
-725.7920691387554
-725.7920495171352
-725.7920298223131
-725.7920100540241
-725.791990211947
-725.7919702958378
-725.7919503054283
-725.7919302404148
-725.7919101005206
-725.7918898854716
-725.7918695949896
-725.791849228778
-725.7918287865459
-725.7918082680253
-725.7917876729076
-725.7917670009313
-725.791746251806
-725.7917254252096
-725.7917045209001
-725.7916835385306
-725.791662477826
-725.7916413385183
-725.7916201202801
-725.7915988228342
-725.7915774458567
-725.7915559890691
-725.7915344521795
-725.7915128348826
-725.7914911368456
-725.7914693577862
-725.7914474973892
-725.791425555392
-725.7914035314333
-725.7913814252103
-725.7913592364331
-725.7913369648016
-725.791314609981
-725.791292171662
-725.7912696495282
-725.7912470432658
-725.7912243525471
-725.79120157708
-725.7911787165441
-725.7911557705861
-725.7911327389027
-725.7911096211748
-725.7910864170883
-725.7910631262697
-725.7910397484425
-725.7910162832833
-725.7909927304181
-725.7909690895359
-725.790945360331
-725.7909215424336
-725.7908976355279
-725.7908736392718
-725.7908495533352
-725.7908253773579
-725.7908011110308
-725.7907767539995
-725.7907523059305
-725.7907277664444
-725.7907031352572
-725.7906784119695
-725.790653596257
-725.7906286877574
-725.7906036861463
-725.7905785910422
-725.7905534021135
-725.7905281190042
-725.7905027413317
-725.7904772687767
-725.7904517009617
-725.7904260375266
-725.7904002781278
-725.7903744223759
-725.790348469918
-725.7903224203898
-725.7902962734311
-725.7902700286566
-725.7902436857152
-725.7902172442446
-725.7901907038255
-725.7901640641388
-725.7901373247795
-725.7901104853808
-725.7900835455495
-725.790056504921
-725.7900293631194
-725.7900021197541
-725.7899747744177
-725.7899473267771
-725.7899197761913
-725.7898921227057
-725.7898643655225
-725.7898365046606
-725.7898085392801
-725.7897804692552
-725.7897522941256
-725.7897240135358
-725.7896956270611
-725.7896671343308
-725.7896385349218
-725.7896098284198
-725.7895810144457
-725.7895520925872
-725.7895230624209
-725.7894939235612
-725.7894646755574
-725.7894353180126
-725.7894058505495
-725.7893762726943
-725.7893465840849
-725.7893167842346
-725.789286872786
-725.789256849289
-725.7892267133211
-725.7891964644557
-725.7891661022662
-725.7891356263268
-725.78910503619
-725.7890743314388
-725.7890435116494
-725.7890125763588
-725.7889815251375
-725.7889503575572
-725.7889190731627
-725.7888876715234
-725.7888561522014
-725.7888245147082
-725.7887927586628
-725.7887608835622
-725.7887288889693
-725.788696774453
-725.7886645395135
-725.7886321837204
-725.7885997066307
-725.7885671077526
-725.788534386647
-725.7885015428358
-725.7884685758621
-725.7884354852501
-725.788402270544
-725.7883689312763
-725.7883354669237
-725.7883018770583
-725.7882681612235
-725.7882343188955
-725.7882003496064
-725.7881662529028
-725.7881320282512
-725.7880976751985
-725.788063193243
-725.7880285819007
-725.7879938406804
-725.7879589690812
-725.7879239666267
-725.7878888328253
-725.7878535671293
-725.7878181690858
-725.7877826381599
-725.7877469738595
-725.7877111756652
-725.7876752431092
-725.7876391756336
-725.7876029727646
-725.7875666339415
-725.7875301586462
-725.7874935464353
-725.7874567967182
-725.787419908987
-725.787382882711
-725.7873457173852
-725.7873084124774
-725.7872709674064
-725.7872333817105
-725.7871956548114
-725.7871577861924
-725.7871197752818
-725.7870816215699
-725.7870433244982
-725.787004883524
-725.7869662980794
-725.7869275676754
-725.7868886916718
-725.7868496696009
-725.786810500841
-725.7867711848564
-725.7867317210656
-725.7866921089641
-725.7866523479302
-725.7866124374127
-725.7865723768514
-725.7865321656446
-725.7864918032544
-725.786451289088
-725.7864106225513
-725.7863698030822
-725.786328830083
-725.7862877030087
-725.7862464212112
-725.7862049841283
-725.7861633911635
-725.7861216417365
-725.7860797352342
-725.7860376710672
-725.7859954486248
-725.7859530673029
-725.7859105264921
-725.7858678255924
-725.7858249639855
-725.7857819410608
-725.785738756173
-725.7856954087841
-725.7856518982035
-725.7856082237946
-725.7855643849724
-725.7855203810718
-725.7854762115024
-725.785431875627
-725.7853873728053
-725.7853427023477
-725.7852978636935
-725.7852528561257
-725.7852076790291
-725.7851623317807
-725.7851168137081
-725.785071124128
-725.7850252624493
-725.7849792279411
-725.7849330200023
-725.784886637897
-725.7848400810408
-725.7847933487037
-725.7847464402541
-725.7846993550103
-725.7846520922614
-725.7846046513394
-725.7845570316063
-725.784509232307
-725.7844612527938
-725.7844130923971
-725.7843647503679
-725.7843162260024
-725.7842675187028
-725.7842186276984
-725.7841695522453
-725.7841202916886
-725.7840708453002
-725.7840212124005
-725.7839713922341
-725.7839213840896
-725.7838711872133
-725.7838208009814
-725.7837702245773
-725.783719457296
-725.7836684983941
-725.7836173471526
-725.7835660028277
-725.7835144646898
-725.7834627319478
-725.7834108038973
-725.7833586797757
-725.7833063588283
-725.783253840285
-725.7832011234368
-725.7831482074512
-725.7830950916103
-725.783041775113
-725.7829882572174
-725.7829345371429
-725.782880614093
-725.782826487292
-725.7827721559513
-725.7827176193161
-725.7826628765636
-725.7826079268945
-725.7825527695467
-725.7824974036743
-725.7824418285317
-725.7823860432607
-725.7823300470728
-725.7822738391482
-725.7822174186912
-725.782160784828
-725.7821039368027
-725.7820468737729
-725.7819895948984
-725.7819320993159
-725.781874386236
-725.7818164547947
-725.7817583041635
-725.7816999334995
-725.7816413419176
-725.7815825286103
-725.7815234927145
-725.781464233338
-725.7814047496302
-725.7813450407479
-725.7812851057932
-725.781224943899
-725.7811645542068
-725.7811039358235
-725.7810430879036
-725.7809820094681
-725.7809206996862
-725.7808591576395
-725.7807973824606
-725.7807353732431
-725.7806731290658
-725.780610649021
-725.7805479321731
-725.7804849777032
-725.7804217845564
-725.7803583518789
-725.7802946787231
-725.7802307642129
-725.780166607331
-725.7801022072111
-725.7800375628653
-725.7799726733484
-725.779907537709
-725.7798421550215
-725.7797765243332
-725.7797106446375
-725.7796445149911
-725.77957813441
-725.7795115019123
-725.7794446166037
-725.779377477436
-725.7793100833999
-725.779242433526
-725.7791745268628
-725.7791063623697
-725.7790379390407
-725.7789692559007
-725.7789003119076
-725.7788311060818
-725.7787616374118
-725.7786919047917
-725.7786219073017
-725.7785516438687
-725.77848111343
-725.7784103149887
-725.7783392474337
-725.7782679098374
-725.7781963010533
-725.778124420068
-725.7780522658061
-725.7779798372048
-725.7779071331759
-725.777834152672
-725.7777608945989
-725.7776873578941
-725.7776135414804
-725.777539444245
-725.7774650650567
-725.7773904029052
-725.7773154566217
-725.7772402251018
-725.7771647072785
-725.7770889019507
-725.7770128081152
-725.7769364245243
-725.7768597501044
-725.7767827837408
-725.7767055242249
-725.7766279704801
-725.776550121345
-725.776471975629
-725.7763935322055
-725.7763147898953
-725.7762357475153
-725.776156403938
-725.7760767579321
-725.7759968083701
-725.7759165539929
-725.7758359936732
-725.7757551261714
-725.7756739503316
-725.7755924648725
-725.775510668656
-725.7754285604485
-725.7753461389793
-725.7752634030446
-725.775180351463
-725.7750969829304
-725.7750132962173
-725.7749292901192
-725.7748449633016
-725.7747603145887
-725.7746753426793
-725.7745900462951
-725.7745044241873
-725.7744184750421
-725.7743321976088
-725.7742455905731
-725.7741586526786
-725.774071382582
-725.7739837790132
-725.7738958405959
-725.7738075661093
-725.7737189541349
-725.773630003409
-725.7735407126139
-725.7734510803429
-725.7733611052939
-725.7732707861354
-725.7731801214512
-725.7730891099134
-725.7729977501648
-725.7729060408458
-725.772813980523
-725.7727215678633
-725.7726288014713
-725.7725356799386
-725.7724422018292
-725.7723483658301
-725.7722541704486
-725.772159614273
-725.7720646959061
-725.7719694138971
-725.771873766814
-725.7717777532574
-725.7716813717017
-725.7715846207401
-725.7714874988861
-725.7713900047353
-725.7712921367101
-725.771193893449
-725.7710952733702
-725.7709962749906
-725.7708968968955
-725.770797137491
-725.7706969953381
-725.770596468826
-725.7704955565313
-725.7703942569119
-725.7702925683401
-725.7701904893513
-725.7700880184109
-725.7699851538702
-725.7698818942773
-725.7697782380092
-725.7696741835061
-725.7695697291791
-725.7694648734082
-725.7693596146555
-725.7692539512743
-725.7691478816981
-725.7690414042531
-725.7689345173475
-725.7688272194033
-725.7687195086767
-725.7686113836626
-725.7685028425602
-725.768393883809
-725.7682845057599
-725.7681747066579
-725.768064484904
-725.7679538387266
-725.7678427665423
-725.7677312665635
-725.7676193371458
-725.7675069765288
-725.7673941829815
-725.767280954826
-725.7671672903504
-725.7670531876959
-725.7669386452094
-725.7668236610624
-725.7667082335939
-725.7665923609056
-725.7664760413081
-725.7663592729715
-725.7662420541267
-725.7661243829253
-725.7660062575924
-725.7658876763226
-725.7657686372354
-725.7656491385629
-725.7655291783835
-725.7654087549115
-725.7652878662591
-725.7651665105847
-725.7650446860017
-725.7649223905913
-725.764799622512
-725.7646763798152
-725.7645526606236
-725.7644284630906
-725.7643037851698
-725.7641786249902
-725.7640529806512
-725.7639268501313
-725.7638002314941
-725.7636731227901
-725.7635455220172
-725.7634174272587
-725.763288836443
-725.7631597476042
-725.7630301587373
-725.7629000678736
-725.7627694728745
-725.7626383717873
-725.7625067626028
-725.7623750057862
-725.7622423754302
-725.7621092307811
-725.7619755696775
-725.7618413900428
-725.7617066898724
-725.7615714670048
-725.7614357192991
-725.7612994446945
-725.7611626409746
-725.7610253060479
-725.7608874377977
-725.7607490339986
-725.7606100924829
-725.7604706110329
-725.7603305875793
-725.7601900198781
-725.7600489056329
-725.7599072427525
-725.7597650288984
-725.759622261831
-725.7594789394321
-725.7593350593546
-725.7591906192854
-725.7590456169834
-725.7589000502131
-725.7587539165977
-725.7586072138984
-725.7584599397503
-725.7583120918183
-725.758163667839
-725.7580146653569
-725.7578650820294
-725.7577149155943
-725.7575641635229
-725.7574128234884
-725.7572608931539
-725.7571083700338
-725.756955251679
-725.7568015356859
-725.7566472196452
-725.7564923011017
-725.7563367775423
-725.7561806464655
-725.7560239054475
-725.755866551977
-725.755708583504
-725.755549997563
-725.7553907915391
-725.7552309630041
-725.7550705093012
-725.7549094278406
-725.7547477161968
-725.7545853716297
-725.7544223915951
-725.7542587734775
-725.7540945146368
-725.7539296124568
-725.7537640642797
-725.7535978674464
-725.7534310192289
-725.7532635170194
-725.7530953581373
-725.7529265397867
-725.7527570592761
-725.7525869139114
-725.75241610086
-725.7522446174703
-725.7520724609399
-725.7518996284134
-725.7517261171894
-725.7515519243941
-725.751377047255
-725.7512014828832
-725.7510252284577
-725.750848281095
-725.7506706379796
-725.7504922961755
-725.7503132528366
-725.7501335050033
-725.749953049734
-725.7497718841139
-725.7495900051897
-725.749407410028
-725.7492240956043
-725.7490400589023
-725.7488552969731
-725.7486698067365
-725.7484835852514
-725.7482966293804
-725.7481089361102
-725.7479205023016
-725.7477313249342
-725.7475414008144
-725.7473507269908
-725.7471593001524
-725.7469671172436
-725.7467741750663
-725.7465804704169
-725.7463860002104
-725.7461907611046
-725.7459947499924
-725.7457979636141
-725.745600398601
-725.7454020518657
-725.7452029199405
-725.7450029996546
-725.7448022877169
-725.7446007807133
-725.7443984753122
-725.7441953682095
-725.7439914559693
-725.7437867352322
-725.7435812026
-725.7433748545959
-725.7431676878596
-725.7429596989356
-725.742750884282
-725.7425412404403
-725.742330763925
-725.7421194512283
-725.741907298727
-725.7416943029767
-725.7414804603378
-725.7412657672998
-725.741050220177
-725.7408338154019
-725.7406165492687
-725.7403984182142
-725.7401794184938
-725.7399595464067
-725.7397387983169
-725.739517170535
-725.7392946591822
-725.7390712606058
-725.7388469709081
-725.7386217864046
-725.7383957033323
-725.7381687177243
-725.7379408257655
-725.7377120236235
-725.7374823073959
-725.7372516731728
-725.7370201170376
-725.7367876350035
-725.7365542231396
-725.7363198774993
-725.7360845940428
-725.735848368747
-725.7356111975885
-725.7353730765011
-725.7351340014554
-725.7348939682331
-725.7346529728104
-725.7344110110225
-725.7341684189116
-725.7339245131152
-725.7336796284479
-725.7334337606169
-725.7331869054144
-725.732939058636
-725.7326902159516
-725.7324403731254
-725.7321895257817
-725.7319376695449
-725.7316848000637
-725.7314309129861
-725.7311760039021
-725.7309200683603
-725.7306631019779
-725.7304051001516
-725.7301460585148
-725.7298859725195
-725.7296248375413
-725.7293626491133
-725.7290994026301
-725.7288350934803
-725.728569717031
-725.728303268583
-725.7280357434994
-725.7277671371914
-725.7274974447589
-725.7272266615479
-725.7269547828215
-725.7266818036602
-725.7264077193879
-725.7261325250996
-725.7258562159203
-725.7255787869793
-725.7253002333621
-725.7250205501368
-725.7247397323597
-725.7244577749727
-725.7241746729613
-725.7238904214684
-725.7236050152446
-725.7233184492164
-725.7230307183067
-725.722741817418
-725.722451741309
-725.7221604848368
-725.7218680427329
-725.7215744098633
-725.7212795807916
-725.7209835503963
-725.7206863131992
-725.7203878639501
-725.7200881972275
-725.7197873075909
-725.7194851896489
-725.7191818379391
-725.718877246944
-725.7185714112513
-725.718264325148
-725.7179559831484
-725.7176463796083
-725.7173355090138
-725.7170233655359
-725.7167099436259
-725.7163952374924
-725.7160792413733
-725.7157619495254
-725.715443356144
-725.715123455257
-725.7148022412351
-725.7144797079907
-725.7141558496576
-725.7138306602618
-725.7135041337857
-725.7131762642939
-725.7128470456435
-725.7125164717329
-725.7121845365316
-725.711851233808
-725.7115165573723
-725.7111805011389
-725.7108430587691
-725.71050422389
-725.7101643153918
-725.7098226777457
-725.7094796286584
-725.7091351616015
-725.7087892702262
-725.7084419481102
-725.7080931885546
-725.7077429850972
-725.7073913312457
-725.7070382202352
-725.7066836454298
-725.7063276002228
-725.7059700777421
-725.7056110713402
-725.7052505741827
-725.7048885793968
-725.7045250801643
-725.7041600695559
-725.7037935405659
-725.7034254862056
-725.7030558995817
-725.7026847734107
-725.7023121009038
-725.7019378745981
-725.7015620874722
-725.701184732309
-725.7008058017781
-725.7004252886798
-725.7000431856151
-725.699659485186
-725.6992741800626
-725.6988872626349
-725.6984987255667
-725.6981085613252
-725.6977167621874
-725.6973233205437
-725.6969282287869
-725.6965314792918
-725.6961330641237
-725.695732975657
-725.6953312059557
-725.6949277471593
-725.6945225913728
-725.6941157305187
-725.6937071567443
-725.6932968619675
-725.6928848379954
-725.6924710766552
-725.6920555698836
-725.6916383093728
-725.6912192868367
-725.690798493897
-725.6903759221841
-725.6899515634068
-725.6895254090077
-725.6890974503898
-725.6886676790668
-725.688236398647
-725.6878029767745
-725.6873677162483
-725.6869306082014
-725.6864916438219
-725.6860508142846
-725.6856081104997
-725.6851635237955
-725.6847170449576
-725.6842686648995
-725.6838183745391
-725.6833661647066
-725.6829120261873
-725.6824559495925
-725.6819979257089
-725.6815379451581
-725.6810759984094
-725.6806120760497
-725.680146168404
-725.6796782658571
-725.6792083588787
-725.6787364376481
-725.6782624923209
-725.677786513247
-725.677308490388
-725.676828413809
-725.6763462735272
-725.6758620594901
-725.6753757614863
-725.6748873692994
-725.6743968728013
-725.6739042615559
-725.6734095252878
-725.6729126535656
-725.6724136358226
-725.6719124616022
-725.6714091200453
-725.6709036007016
-725.6703958927476
-725.6698859853528
-725.6693738676134
-725.6688595286421
-725.6683429573836
-725.6678244509632
-725.6673033824861
-725.6667800484043
-725.6662544372246
-725.66572653774
-725.6651963384721
-725.6646638278245
-725.6641289944396
-725.6635918265584
-725.6630523124836
-725.6625104404707
-725.6619661987321
-725.6614195752121
-725.6608705579645
-725.6603191350762
-725.6597652941142
-725.659209023154
-725.6586503096365
-725.6580891415318
-725.657525506103
-725.6569593908514
-725.6563907832536
-725.6558196706744
-725.6552460401967
-725.6546698791531
-725.6540911745321
-725.6535099133339
-725.6529260825713
-725.6523396689087
-725.651750659289
-725.6511590401635
-725.6505647982922
-725.6499679201182
-725.6493683919955
-725.6487662002919
-725.648161632008
-725.6475540723554
-725.6469438075832
-725.6463308236886
-725.6457151063856
-725.6450966416527
-725.6444754150056
-725.6438514122457
-725.6432246187214
-725.6425950199738
-725.6419626011887
-725.6413273478191
-725.6406892446678
-725.6400482771207
-725.639404429894
-725.6387576878773
-725.6381080358253
-725.6374554583657
-725.63679993997
-725.6361414650901
-725.6354800182453
-725.6348155833937
-725.6341481448746
-725.6334776866179
-725.6328041924912
-725.6321276464398
-725.6314480319173
-725.6307653327283
-725.6300795323389
-725.6293909129479
-725.628698860382
-725.6280036564376
-725.627305283935
-725.6266037258797
-725.6258989650764
-725.625190984145
-725.6244797657637
-725.6237652923146
-725.6230475461065
-725.6223265092729
-725.6216021640755
-725.6208744922898
-725.6201434759535
-725.6194090966235
-725.6186713359206
-725.6179301753571
-725.6171855961621
-725.6164375795798
-725.6156861067772
-725.6149311586177
-725.6141727158298
-725.6134107593361
-725.6126452693048
-725.6118762265713
-725.6111038955169
-725.610327687805
-725.6095478674154
-725.6087644142656
-725.6079773081645
-725.6071865286402
-725.6063920549838
-725.605593866453
-725.6047919424154
-725.6039862616219
-725.6031768029507
-725.6023635451128
-725.6015464665547
-725.6007255456725
-725.5999007606277
-725.5990720895545
-725.5982395104073
-725.5974030007318
-725.5965625381403
-725.595718100147
-725.594869663967
-725.5940174946218
-725.5931609931931
-725.5923004241532
-725.5914357642256
-725.5905669898427
-725.589694076995
-725.588817002038
-725.5879357405805
-725.5870502684157
-725.586160561155
-725.5852665939879
-725.5843683420168
-725.5834657803828
-725.5825588838202
-725.5816476268675
-725.5807319839065
-725.5798119292268
-725.5788874366789
-725.5779584803304
-725.5770253195055
-725.5760873558607
-725.57514484848
-725.5741977703761
-725.5732460944303
-725.5722897930704
-725.5713288388359
-725.570363203942
-725.5693928602725
-725.5684177795217
-725.5674379334071
-725.5664532930326
-725.5654638297447
-725.5644695140768
-725.5634703169782
-725.5624662086757
-725.5614571594253
-725.5604434168182
-725.5594243952062
-725.5584003414864
-725.5573712253629
-725.5563370156076
-725.5552976808714
-725.5542531899116
-725.5532035109055
-725.5521486117434
-725.5510884603044
-725.550023024065
-725.5489522702212
-725.5478761656244
-725.5467946772836
-725.5457077713639
-725.5446156974616
-725.5435178544682
-725.5424144916117
-725.541305574499
-725.5401910678218
-725.5390709366088
-725.5379451450939
-725.5368136577835
-725.5356764386356
-725.534533450966
-725.5333846583185
-725.5322300235433
-725.5310695096034
-725.5299030787172
-725.5287309795383
-725.5275526002383
-725.5263681892704
-725.5251777077473
-725.5239811166514
-725.5227783764954
-725.5215694472504
-725.5203542889269
-725.5191328609413
-725.5179051224757
-725.5166710323122
-725.5154305488771
-725.5141836301111
-725.5129305200593
-725.51167060309
-725.5104041218442
-725.5091310354406
-725.5078512977826
-725.5065648659676
-725.5052716953855
-725.5039717414695
-725.5026649586969
-725.5013513016164
-725.5000307242678
-725.4987031800501
-725.4973689065491
-725.4960272866268
-725.4946785582073
-725.4933226731702
-725.4919595830867
-725.4905892388467
-725.4892115912345
-725.4878265905039
-725.4864341863324
-725.485034328017
-725.4836269648448
-725.482212322498
-725.4807897921519
-725.4793596005502
-725.4779216945414
-725.4764760207681
-725.4750225252475
-725.473561153581
-725.4720918509418
-725.470614561812
-725.4691292302396
-725.4676360673049
-725.4661344796137
-725.4646246787605
-725.4631066064617
-725.4615802043265
-725.460045413488
-725.4585021742246
-725.4569504261872
-725.4553901087313
-725.4538214463988
-725.4522438040023
-725.4506574065159
-725.4490621908644
-725.4474580937759
-725.4458450507518
-725.4442229969495
-725.4425918670335
-725.4409515951817
-725.439302384834
-725.437643625544
-725.4359755220711
-725.4342980059289
-725.4326110075795
-725.4309144574245
-725.4292082844647
-725.427492417618
-725.4257670726723
-725.4240315987031
-725.4222862127765
-725.4205308407194
-725.418765407578
-725.4169898378759
-725.4152040552267
-725.4134079829347
-725.4116018094268
-725.4097849202398
-725.4079575052444
-725.4061194841836
-725.4042707761931
-725.4024112995872
-725.4005409716989
-725.3986599912629
-725.3967677065226
-725.394864317309
-725.392949738107
-725.3910238816451
-725.3890866605192
-725.3871379860236
-725.3851780232123
-725.3832061688959
-725.3812225899358
-725.379227193432
-725.3772198863222
-725.3752005744097
-725.3731694303574
-725.3711258182409
-725.3690699126284
-725.3670016148437
-725.3649208257483
-725.3628274451868
-725.3607216536788
-725.3586027800944
-725.3564710074152
-725.3543262307206
-725.3521683442513
-725.3499972412527
-725.3478131104366
-725.3456152435801
-725.3434038322666
-725.341178764662
-725.338939927881
-725.336687208015
-725.3344207487638
-725.3321399104515
-725.3298448393765
-725.3275354159614
-725.3252115196548
-725.3228732997763
-725.320520085994
-725.3181520297998
-725.3157690049969
-725.31337088456
-725.3109578229638
-725.3085291174136
-725.3060849248169
-725.3036251125205
-725.3011495454825
-725.2986583845244
-725.296150891268
-725.293627229907
-725.2910872588654
-725.2885308360651
-725.28595812787
-725.2833683590658
-725.2807616992446
-725.2781379929174
-725.2754971041046
-725.2728391286496
-725.2701633834125
-725.2674699902757
-725.2647587764501
-725.2620298648575
-725.2592825344417
-725.2565169118265
-725.253732815345
-725.2509303718764
-725.248108829464
-725.2452683190653
-725.2424086496917
-725.2395299520655
-725.2366314424286
-725.2337132553517
-725.2307751906822
-725.2278173743541
-725.2248390056277
-725.2218402060489
-725.2188207838058
-725.2157808585658
-725.2127195957612
-725.2096371197632
-725.2065332298562
-725.2034080477428
-725.2002607032694
-725.1970913240848
-725.1938996987807
-725.1906859525556
-725.1874491770702
-725.1841895038691
-725.1809067106192
-725.1776008336547
-725.1742711111574
-725.1709175836554
-725.1675402871919
-725.164138434672
-725.1607120656503
-725.1572612161522
-725.153785072213
-725.1502836738041
-725.1467570554046
-725.1432043760326
-725.1396256754733
-725.1360209873191
-725.1323894418713
-725.1287310790258
-725.1250459309495
-725.1213330991941
-725.117592622542
-725.1138245327787
-725.1100279004824
-725.1062027644564
-725.1023491552892
-725.0984661120079
-725.0945536727526
-725.0906118673047
-725.0866397016014
-725.0826372138375
-725.0786044324853
-725.0745403301439
-725.0704449441135
-725.0663183019009
-725.062159340668
-725.057968098264
-725.0537446006376
-725.0494877488934
-725.0451975809884
-725.0408741211245
-725.0365162342435
-725.0321239571638
-725.0276973120347
-725.0232351287219
-725.0187374424037
-725.0142041363689
-725.0096342853807
-725.0050280468375
-725.0003844753741
-724.9957037308709
-724.9909848477199
-724.9862279877974
-724.9814321644774
-724.9765975426999
-724.9717231145498
-724.966809048197
-724.9618543141767
-724.9568590831974
-724.9518223049241
-724.9467441536572
-724.9416235566779
-724.9364606916837
-724.9312544621802
-724.9260050518769
-724.9207113452353
-724.9153735274991
-724.9099904609337
-724.9045623356717
-724.8990879919006
-724.8935676244794
-724.8880000521948
-724.8823854739751
-724.8767226878308
-724.8710118984723
-724.8652518825149
-724.8594428496764
-724.8535835556675
-724.847674217912
-724.8417135702523
-724.8357018369211
-724.829637731986
-724.8235214872284
-724.8173517969894
-724.8111289004667
-724.8048514731971
-724.7985197633319
-724.7921324274301
-724.7856897240841
-724.7791902913656
-724.772634397539
-724.7660206645284
-724.7593493721454
-724.752619125995
-724.745830217016
-724.7389812365326
-724.7320724886426
-724.7251025510288
-724.7180717411751
-724.7109786244607
-724.7038235331106
-724.6966050215855
-724.6893234386356
-724.6819773287104
-724.6745670567194
-724.6670911605676
-724.6595500228457
-724.6519421756236
-724.6442680200596
-724.636526084376
-724.6287167903542
-724.6208386636371
-724.6128921495449
-724.6048757704718
-724.5967899936272
-724.5886333478434
-724.5804063214679
-724.5721074487464
-724.5637372362262
-724.5552942375134
-724.5467787413371
-724.5381900433335
-724.5295277045914
-724.520791296172
-724.5119803990203
-724.5030946061893
-724.494133519898
-724.4850967557529
-724.4759839409713
-724.4667947145298
-724.457528729512
-724.4481856506368
-724.4387651573485
-724.4292669418273
-724.419690710334
-724.4100361846587
-724.4003030992212
-724.3904912040609
-724.3806002645921
-724.370630059457
-724.3605803837786
-724.3504510470256
-724.3402418740795
-724.3299527033597
-724.3195833898259
-724.3091338020542
-724.2986038224877
-724.2879933479101
-724.2773022889426
-724.2665305687502
-724.2556781232565
-724.2447448993412
-724.2337308568409
-724.2226359635998
-724.2114601978232
-724.2002035466312
-724.1888660028525
-724.1774475657467
-724.165948218516
-724.1543679868582
-724.1427068777848
-724.1309648993138
-724.1191420555467
-724.107238347112
-724.0952537676461
-724.0831883009599
-724.0710419204206
-724.0588145853503
-724.0465062371035
-724.0341167975846
-724.0216461657561
-724.0090942143094
-723.996460785703
-723.983745689484
-723.9709486979361
-723.9580695419689
-723.9451079077962
-723.9320634318989
-723.9189356970605
-723.9057242281729
-723.8924284870767
-723.879047868244
-723.8655816933548
-723.852029206
-723.8383895691331
-723.8246618556749
-723.8108450473998
-723.7969380273764
-723.7829395752286
-723.7688483615075
-723.7546629423434
-723.7403817556129
-723.7260031127223
-723.7115251968245
-723.6969460530433
-723.6822635889532
-723.6674755644963
-723.6525795886186
-723.6375731158524
-723.6224534387665
-723.6072176853436
-723.5918628118944
-723.5763856001737
-723.5607826515723
-723.5450503821875
-723.5291850175003
-723.5131825880217
-723.4970388761972
-723.4807495451557
-723.4643100034348
-723.4477154371923
-723.4309608018326
-723.4140408146753
-723.3969499425122
-723.3796823880236
-723.3622320763095
-723.3445926363711
-723.3267573842559
-723.3087192806871
-723.2904709285926
-723.2720045201179
-723.2533117988212
-723.2343840125777
-723.2152118526134
-723.1957853868576
-723.1760939758
-723.156126178462
-723.1358696337575
-723.1153109282502
-723.0944354322385
-723.0732271108109
-723.051668294449
-723.0297394124183
-723.0074186722247
-722.9846816745574
-722.9615009644051
-722.9378454806958
-722.9136799085792
-722.8889637782885
-722.8636509768738
-722.8376878790476
-722.8110125658716
-722.7835528015795
-722.7552240950081
-722.7259271268072
-723.1813882428711
-723.1818149598153
-723.1822475461129
-723.182686505351
-723.1831320360379
-723.18358454273
-723.1840445166071
-723.1845121175007
-723.1849878529833
-723.1854718956306
-723.1859647551514
-723.1864665883069
-723.1869779105083
-723.1874988662753
-723.1880299791619
-723.188571383929
-723.1891236143571
-723.1896867974909
-723.1902614786562
-723.190847779657
-723.1914462587758
-723.192057033882
-723.1926806786464
-723.193317307481
-723.1939674977161
-723.1946314029786
-723.1953095850945
-723.1960021927988
-723.1967098137918
-723.1974322733014
-723.1981708062821
-723.1989252744014
-723.1996962797413
-723.2004840019333
-723.2012890770732
-723.2021116610567
-723.2029524222754
-723.2038115235331
-723.204689655345
-723.2055871255457
-723.2065043654673
-723.207441828071
-723.2083999680218
-723.2093792471758
-723.2103801347321
-723.211402861594
-723.2124483943637
-723.2135169865724
-723.21460913735
-723.2157253530904
-723.2168661475012
-723.2180320419678
-723.2192235655418
-723.2204412547482
-723.2216856536381
-723.2229573149239
-723.2242565656987
-723.2255844274492
-723.2269412500996
-723.2283276147284
-723.2297441094647
-723.2311913294071
-723.23266987654
-723.2341803599218
-723.2357233942627
-723.2372993484669
-723.2389093499015
-723.2405537841108
-723.242233290231
-723.243948512534
-723.2457001004739
-723.2474887080007
-723.2493149930519
-723.2511793382133
-723.2530829597399
-723.2550262544
-723.2570098935408
-723.2590345500455
-723.261100898666
-723.2632096085291
-723.2653610590645
-723.2675565232872
-723.2697963841313
-723.2720813133928
-723.2744119840308
-723.2767890612283
-723.2792128975653
-723.2816847731353
-723.2842050378711
-723.2867743408665
-723.2893933240549
-723.2920623156681
-723.2947825455468
-723.297554332257
-723.3003782814544
-723.3032549863944
-723.3061846744074
-723.3091686113688
-723.3122070057602
-723.3153003946913
-723.3184492981325
-723.321653809027
-723.3249152184776
-723.3282335899954
-723.3316093655371
-723.3350425953964
-723.3385343963696
-723.3420847968215
-723.3456941292076
-723.3493623038465
-723.35309043314
-723.356878359981
-723.3607263241546
-723.3646340675987
-723.3686026618897
-723.3726317970072
-723.376721572917
-723.380871550758
-723.3850827596792
-723.3893547006777
-723.3936873305635
-723.3980800074662
-723.4025337157443
-723.4070477509948
-723.4116214606117
-723.4162555000011
-723.4209491480092
-723.4257015987633
-723.4305134444921
-723.4353838110451
-723.4403117357705
-723.4452977517925
-723.4503408272906
-723.4554398441267
-723.4605952705914
-723.4658059254438
-723.4710705405743
-723.4763895204152
-723.4817615349531
-723.4871851551918
-723.4926607504334
-723.4981868335902
-723.5037618350578
-723.5093860765152
-723.5150579400298
-723.5207757210228
-723.5265397022381
-723.5323481360275
-723.538199195273
-723.5440931332413
-723.55002810073
-723.5560021505637
-723.562015514568
-723.5680662347035
-723.5741522773093
-723.580273870547
-723.5864289689682
-723.5926154593006
-723.5988335741765
-723.605081198807
-723.6113561565802
-723.6176586948158
-723.6239866462961
-723.6303377896614
-723.6367123967447
-723.6431082658631
-723.6495231461781
-723.6559573449622
-723.6624086424154
-723.6688747744093
-723.6753560921047
-723.6818503736754
-723.6883553608872
-723.694871453993
-723.7013964451138
-723.7079280943838
-723.7144668597216
-723.7210105616724
-723.7275569922181
-723.7341066730241
-723.7406574628093
-723.7472071963166
-723.7537564674884
-723.7603031817218
-723.7668452341491
-723.7733832825933
-723.7799152973018
-723.7864392375411
-723.7929558291803
-723.7994631128706
-723.8059591203053
-723.8124446462245
-723.8189178071685
-723.8253767133941
-723.8318222273097
-723.8382525468633
-723.8446658572182
-723.8510631021646
-723.857442548156
-723.863802483722
-723.8701438971668
-723.8764651577059
-723.882764635933
-723.8890433733253
-723.8952998315414
-723.9015324688463
-723.9077423814825
-723.9139281160055
-723.92008822309
-723.9262238444146
-723.9323336138516
-723.9384161560927
-723.9444726821349
-723.9505018857197
-723.9565025187596
-723.9624757731411
-723.9684204777287
-723.9743354197847
-723.9802218551498
-723.9860786719996
-723.9919047624301
-723.9977013935664
-724.0034675323952
-724.0092021482347
-724.0149065267168
-724.0205797079361
-724.0262207364267
-724.0318309105918
-724.037409340441
-724.0429551425175
-724.0484696208789
-724.0539519537649
-724.0594013241945
-724.0648190349151
-724.0702043345678
-724.0755564623452
-724.0808767277737
-724.0861644269665
-724.0914188667376
-724.0966413446273
-724.1018312174663
-724.10698784549
-724.1121125146686
-724.117204633983
-724.1222636149165
-724.127290729918
-724.132285435829
-724.1372471922009
-724.142177253754
-724.1470751228164
-724.151940885948
-724.1567738570586
-724.161575664112
-724.1663456679387
-724.1710839813942
-724.1757899794258
-724.1804652162253
-724.1851091620202
-724.1897219000926
-724.1943029118308
-724.1988536767885
-724.2033736885111
-724.2078630990385
-724.2123213913359
-724.2167500403959
-724.2211485633932
-724.2255171253639
-724.2298552554262
-724.23416437197
-724.2384440369328
-724.2426944238317
-724.2469151052471
-724.2511074425906
-724.2552710371773
-724.2594060702613
-724.2635121513366
-724.2675905868184
-724.2716410126826
-724.275663615011
-724.2796580379905
-724.2836255323417
-724.2875657658329
-724.2914789271827
-724.2953652050841
-724.2992241457287
-724.3030571995843
-724.3068639387304
-724.3106445529936
-724.3143992308715
-724.3181275615782
-724.3218309119493
-724.3255088937348
-724.3291616953777
-724.3327895041738
-724.3363919473455
-724.3399703108515
-724.3435242424174
-724.3470539272517
-724.3505595501833
-724.3540407721683
-724.3574988019151
-724.3609333194984
-724.3643445058971
-724.3677325412606
-724.3710971179573
-724.3744393711636
-724.3777590089478
-724.3810562079445
-724.3843311433181
-724.3875839890193
-724.3908143727459
-724.3940235380761
-724.3972111303926
-724.4003773183211
-724.4035222709903
-724.4066461550024
-724.4097486349705
-724.412830861902
-724.4158925149496
-724.4189337564264
-724.4219547472195
-724.4249556469255
-724.4279361531876
-724.4308973302099
-724.433838888241
-724.436760981859
-724.4396637646809
-724.4425473887104
-724.4454120047277
-724.448257267567
-724.4510842996939
-724.4538927690099
-724.4566828219002
-724.459454602152
-724.4622082533732
-724.4649439174002
-724.4676612861131
-724.4703613838184
-724.473043913182
-724.4757090117217
-724.4783568147263
-724.4809874572236
-724.483601072408
-724.4861977923775
-724.4887772819324
-724.4913405908553
-724.493887394125
-724.4964178198283
-724.4989319939867
-724.5014300420345
-724.5039120874727
-724.506378253542
-724.5088282438031
-724.5112630040454
-724.5136822470474
-724.5160860917321
-724.5184746544392
-724.520848052228
-724.52320640021
-724.5255498120355
-724.5278784010032
-724.5301918570572
-724.5324911252619
-724.534775904252
-724.537046302923
-724.5393024289775
-724.5415443896056
-724.5437722908736
-724.5459862375532
-724.5481863339533
-724.5503723078734
-724.5525450034532
-724.554704155794
-724.5568498646476
-724.5589822298334
-724.5611013496591
-724.5632073219518
-724.5653002431478
-724.5673802092135
-724.5694473156051
-724.5715012849274
-724.5735429444567
-724.5755720241115
-724.5775886152987
-724.5795928087796
-724.58158469464
-724.5835643619461
-724.5855318990316
-724.58748739346
-724.5894309321147
-724.5913626008992
-724.5932821263557
-724.5951903042117
-724.5970868658069
-724.5989718948562
-724.6008454729124
-724.6027076820097
-724.6045586027715
-724.606398315658
-724.6082268998399
-724.6100444339652
-724.611850996365
-724.613646664374
-724.6154311729344
-724.6172052762099
-724.6189687132673
-724.620721559325
-724.6224638884453
-724.6241957736621
-724.6259172883741
-724.6276285046008
-724.6293294938405
-724.631020327391
-724.6327010753354
-724.6343718075485
-724.6360325935848
-724.6376831809608
-724.639324275132
-724.6409556274135
-724.6425773045393
-724.6441893730482
-724.645791898741
-724.6473849470815
-724.6489685824324
-724.6505428694192
-724.6521078711762
-724.653663651388
-724.6552102722902
-724.6567477963692
-724.6582762849887
-724.6597955019835
-724.6613060990878
-724.6628078429106
-724.6643007931128
-724.6657850085325
-724.6672605480875
-724.6687274698974
-724.6701858316025
-724.6716356905255
-724.6730771035927
-724.6745101271306
-724.6759348168774
-724.6773512282706
-724.6787594166934
-724.6801594362645
-724.6815510681096
-724.6829349099859
-724.6843107443353
-724.6856786243425
-724.6870386022442
-724.6883907301835
-724.6897350599788
-724.6910716425223
-724.6924005289608
-724.6937217694262
-724.6950354142548
-724.6963415121362
-724.6976401133523
-724.6989312665686
-724.7002150204629
-724.7014914231061
-724.7027605222991
-724.7040221015794
-724.7052767337326
-724.7065242038982
-724.707764558306
-724.7089978426204
-724.7102241029083
-724.7114433841645
-724.7126557314693
-724.7138611893229
-724.7150598020396
-724.7162516136382
-724.7174366676873
-724.718615007162
-724.7197866756142
-724.7209517151706
-724.7221101681243
-724.7232620767272
-724.7244074829772
-724.7255464273017
-724.7266787026972
-724.7278048459557
-724.7289246504812
-724.7300381559911
-724.7311454024907
-724.7322464296863
-724.7333412767485
-724.734429982608
-724.7355125859884
-724.7365891255178
-724.7376596389652
-724.7387241646808
-724.7397827397457
-724.7408354017854
-724.7418821876403
-724.742923134253
-724.7439582781848
-724.7449876554917
-724.746011302184
-724.7470292540235
-724.7480415465935
-724.7490479847695
-724.7500490630589
-724.7510445869905
-724.7520345909509
-724.7530191090608
-724.7539981753814
-724.7549718237341
-724.7559400872448
-724.7569029995705
-724.7578605935794
-724.7588129020024
-724.7597599572202
-724.7607017918978
-724.7616384378379
-724.7625699270636
-724.7634962910987
-724.7644175613498
-724.7653337691337
-724.7662449452854
-724.7671511206801
-724.7680523256479
-724.7689485907229
-724.7698399460684
-724.7707264213936
-724.7716078281917
-724.7724846321031
-724.7733566446296
-724.7742238947922
-724.77508641144
-724.7759442233273
-724.7767973588677
-724.7776458463795
-724.7784897140187
-724.7793289895187
-724.7801637007776
-724.7809938750366
-724.7818195397531
-724.7826407221927
-724.7834574491608
-724.7842697474628
-724.785077643667
-724.7858811641614
-724.7866803351864
-724.787475182767
-724.7882657328416
-724.7890520109825
-724.7898340426616
-724.7906118534864
-724.7913854683788
-724.7921549123821
-724.7929202104524
-724.7936813870394
-724.7944382587788
-724.7951912660236
-724.7959402249016
-724.7966851595614
-724.7974260935855
-724.7981630508324
-724.7988960549184
-724.7996251289353
-724.8003502963894
-724.801071580187
-724.8017890031997
-724.8025025881842
-724.803212357774
-724.8039183344315
-724.8046205405091
-724.8053189980027
-724.8060137289834
-724.806704755348
-724.8073920987647
-724.808075780868
-724.8087558230594
-724.8094322465241
-724.8101050725611
-724.8107743221291
-724.8114400160116
-724.8121021750048
-724.81276081973
-724.8134159706326
-724.8140676480541
-724.8147158720354
-724.8153606628609
-724.8160020403253
-724.8166400242332
-724.8172746343943
-724.8179056882163
-724.8185336093643
-724.8191582149411
-724.819779524088
-724.8203975558018
-724.821012329165
-724.821623862797
-724.8222321754516
-724.8228372856325
-724.8234392118125
-724.8240379722015
-724.8246335852458
-724.8252260687448
-724.8258154407622
-724.8264017192384
-724.8269849217186
-724.8275650659806
-724.8281421694321
-724.8287162495301
-724.8292873235098
-724.8298554086142
-724.8304205217263
-724.8309826800416
-724.8315419002301
-724.8320981991175
-724.832651593303
-724.833202099263
-724.8337497334526
-724.8342945122307
-724.8348364517223
-724.8353755681103
-724.8359118774517
-724.8364453955493
-724.8369761381738
-724.8375041212096
-724.8380293600088
-724.8385518704094
-724.8390716674313
-724.8395887667765
-724.8401031833271
-724.840614932551
-724.8411240291036
-724.841630295285
-724.8421341320067
-724.8426353608834
-724.8431339964993
-724.8436300532791
-724.844123545866
-724.8446144884456
-724.8451028955587
-724.845588781175
-724.8460721595792
-724.8465530447058
-724.8470314505145
-724.8475073909366
-724.8479808795902
-724.8484519302436
-724.8489205565378
-724.8493867717956
-724.8498505896933
-724.8503120234192
-724.8507710862382
-724.8512277914641
-724.8516821520933
-724.8521341811618
-724.8525838916041
-724.8530312962964
-724.8534764080024
-724.8539192395207
-724.8543598033143
-724.8547981120619
-724.8552341781676
-724.8556680140107
-724.8560996319417
-724.8565290442576
-724.8569562630264
-724.8573813004424
-724.8578041684799
-724.8582248790417
-724.8586434441225
-724.8590598754312
-724.8594741847475
-724.859886383693
-724.8602964838329
-724.8607044968046
-724.8611104339665
-724.8615143066671
-724.8619161263201
-724.8623159041318
-724.862713651199
-724.8631093786967
-724.8635030977115
-724.8638948191584
-724.864284554008
-724.8646723129865
-724.865058106936
-724.8654419466297
-724.8658236571599
-724.8662036207085
-724.8665816616917
-724.8669577906699
-724.8673320179424
-724.8677043538893
-724.8680748086939
-724.8684433926416
-724.8688101159335
-724.8691749885202
-724.8695380205477
-724.8698992219386
-724.8702586026042
-724.870616172393
-724.8709719411172
-724.8713259184644
-724.8716781142128
-724.872028536468
-724.8723771976637
-724.872724105974
-724.8730692706558
-724.8734127012355
-724.8737544070449
-724.8740943973605
-724.874432681389
-724.8747692683861
-724.8751041673399
-724.8754373873938
-724.8757689374984
-724.876098826763
-724.8764270639601
-724.8767536580416
-724.8770786176586
-724.8774019517407
-724.877723668884
-724.8780437778037
-724.8783622870845
-724.8786792051541
-724.878994540744
-724.8793083020606
-724.8796204977069
-724.8799311358475
-724.880240224984
-724.8805477732134
-724.8808537888639
-724.8811582800528
-724.8814612547633
-724.881762721263
-724.8820626874221
-724.8823611612821
-724.8826581507066
-724.882953663766
-724.8832477080139
-724.8835402914016
-724.8838314217263
-724.88412110654
-724.8844093535271
-724.8846961703995
-724.8849815646873
-724.8852655437946
-724.8855481153812
-724.8858292867553
-724.8861090654294
-724.886387458541
-724.886664473602
-724.8869401178578
-724.8872143984572
-724.8874873226235
-724.8877588974932
-724.8880291301464
-724.8882980276849
-724.8885655971616
-724.8888318454499
-724.8890967796158
-724.8893604064184
-724.889622732849
-724.8898837656873
-724.8901435116987
-724.8904019776778
-724.8906591702473
-724.8909150961323
-724.8911695817317
-724.8914229949144
-724.8916751623129
-724.8919260881548
-724.892175778895
-724.8924242445917
-724.8926714879581
-724.8929175167874
-724.8931623372442
-724.8934059555971
-724.8936483782056
-724.8938896112375
-724.8941296610434
-724.8943685336149
-724.8946062351001
-724.8948427716199
-724.8950781492057
-724.8953123739094
-724.8955454518291
-724.8957773886699
-724.8960081905599
-724.8962378632574
-724.8964664127593
-724.896693844742
-724.8969201650891
-724.8971453796
-724.8973694938387
-724.8975925136735
-724.8978144445753
-724.8980352923642
-724.8982550625674
-724.8984737607096
-724.8986913924241
-724.8989079630499
-724.8991234782695
-724.8993379433784
-724.8995513639014
-724.8997637451521
-724.8999750924356
-724.9001854111428
-724.9003947066136
-724.9006029840205
-724.9008102486767
-724.901016505702
-724.9012217604047
-724.9014260178469
-724.9016292831457
-724.9018315614198
-724.902032857705
-724.9022331771017
-724.902432524567
-724.9026309051159
-724.9028283236696
-724.9030247851684
-724.9032202944849
-724.9034148565755
-724.9036084762303
-724.9038011582575
-724.9039929073962
-724.9041837285546
-724.9043736264285
-724.9045626056994
-724.9047506710345
-724.9049378271221
-724.9051240785737
-724.9053094301248
-724.9054938862037
-724.9056774514628
-724.9058601303886
-724.9060419275266
-724.906222847402
-724.9064028944085
-724.9065820730283
-724.9067603875942
-724.9069378426002
-724.9071144424187
-724.9072901913414
-724.9074650936886
-724.9076391537297
-724.9078123757713
-724.9079847640677
-724.908156322888
-724.9083270563381
-724.9084969686937
-724.9086660640318
-724.9088343465697
-724.9090018203274
-724.9091684894814
-724.909334358083
-724.9094994301361
-724.9096637096083
-724.909827200714
-724.9099899072028
-724.9101518332495
-724.9103129825646
-724.9104733592562
-724.9106329670766
-724.9107918100434
-724.9109498918722
-724.9111072165399
-724.9112637877823
-724.9114196093313
-724.9115746850467
-724.9117290186242
-724.9118826138717
-724.9120354744535
-724.9121876040394
-724.9123390063568
-724.9124896849955
-724.9126396436216
-724.9127888858717
-724.9129374153247
-724.9130852355487
-724.9132323500692
-724.91337876248
-724.9135244762382
-724.9136694949059
-724.9138138219228
-724.9139574607619
-724.9141004148495
-724.9142426876614
-724.9143842825458
-724.9145252029714
-724.9146654521913
-724.9148050336623
-724.9149439506626
-724.9150822065169
-724.9152198045673
-724.9153567480397
-724.9154930402292
-724.915628684403
-724.915763683743
-724.9158980414909
-724.9160317608245
-724.9161648449668
-724.9162972970329
-724.9164291202106
-724.9165603175594
-724.9166908922464
-724.9168208473875
-724.9169501860218
-724.9170789112369
-724.917207025994
-724.9173345334953
-724.9174614366226
-724.9175877383828
-724.9177134417896
-724.9178385499004
-724.9179630654666
-724.9180869915845
-724.9182103311663
-724.9183330870003
-724.9184552621053
-724.9185768592683
-724.9186978814374
-724.918818162776
-724.9189380441215
-724.9190573589304
-724.9191761100182
-724.9192943001177
-724.9194119320084
-724.9195290084883
-724.9196455322552
-724.9197615060492
-724.9198769326233
-724.9199918146456
-724.9201061547939
-724.9202199556927
-724.9203332201469
-724.920445950657
-724.920558149943
-724.9206698205645
-724.9207809651147
-724.920891586281
-724.9210016865126
-724.9211112684558
-724.9212203346383
-724.9213288875757
-724.9214369298478
-724.9215444638935
-724.9216514922398
-724.9217580173998
-724.9218640417631
-724.9219695679101
-724.9220745981526
-724.9221791350442
-724.9222831809114
-724.9223867382079
-724.9224898093265
-724.9225923966205
-724.9226945025157
-724.9227961293493
-724.9228972793879
-724.922997955102
-724.9230981587043
-724.9231978925749
-724.9232971589416
-724.923395960139
-724.9234942984422
-724.923592176071
-724.9236895953458
-724.9237865585002
-724.9238830676513
-724.9239791251126
-724.9240747330889
-724.9241698937974
-724.9242646093155
-724.9243588818804
-724.924452713652
-724.9245461068033
-724.9246390634095
-724.9247315856824
-724.9248236756025
-724.9249153354212
-724.9250065671864
-724.9250973729022
-724.9251877547424
-724.9252777147121
-724.9253672549003
-724.9254563773261
-724.9255450840295
-724.9256333770115
-724.9257212583227
-724.925808729928
-724.9258957937799
-724.9259824519708
-724.9260687063485
-724.9261545588967
-724.9262400116559
-724.9263250664778
-724.9264097245214
-724.9264939893278
-724.926577861141
-724.9266613434922
-724.9267444367478
-724.9268271435044
-724.9269094656624
-724.9269914050734
-724.9270729635854
-724.9271541430666
-724.9272349453164
-724.9273153721894
-724.9273954254729
-724.9274751069884
-724.9275544185535
-724.9276333619058
-724.9277119388889
-724.927790151209
-724.9278680006399
-724.9279454889432
-724.9280226178761
-724.9280993891381
-724.9281758044793
-724.9282518656224
-724.9283275742412
-724.9284029320593
-724.9284779408022
-724.9285526020564
-724.9286269175824
-724.9287008889997
-724.9287745179848
-724.9288478061897
-724.9289207552463
-724.9289933667573
-724.9290656424017
-724.929137583761
-724.9292091924311
-724.9292804700228
-724.9293514181498
-724.9294220383823
-724.9294923322881
-724.929562301387
-724.9296319473342
-724.9297012716022
-724.9297702757614
-724.9298389613846
-724.9299073299679
-724.9299753829887
-724.9300431219988
-724.9301105485355
-724.9301776640579
-724.9302444700617
-724.9303109680293
-724.9303771594273
-724.9304430457479
-724.9305086284187
-724.9305739089325
-724.9306388886868
-724.930703569165
-724.93076795178
-724.9308320379594
-724.9308958291239
-724.9309593266534
-724.9310225319789
-724.9310854465083
-724.9311480716104
-724.9312104086638
-724.9312724590578
-724.9313342241279
-724.9313957053012
-724.9314569038296
-724.9315178211588
-724.9315784586164
-724.9316388174987
-724.9316988991407
-724.9317587048736
-724.9318182360514
-724.931877493879
-724.9319364797673
-724.9319951949701
-724.9320536407499
-724.9321118183968
-724.9321697292012
-724.9322273744646
-724.9322847554223
-724.9323418732787
-724.9323987293664
-724.9324553248771
-724.932511661099
-724.9325677392087
-724.9326235604813
-724.9326791260955
-724.9327344372949
-724.9327894952786
-724.9328443012296
-724.9328988563353
-724.9329531618579
-724.9330072189109
-724.9330610287119
-724.933114592422
-724.9331679111868
-724.9332209862155
-724.9332738186001
-724.9333264095429
-724.9333787601552
-724.9334308716246
-724.9334827449767
-724.9335343814477
-724.9335857821341
-724.9336369481285
-724.9336878805522
-724.9337385805089
-724.9337890490873
-724.9338392874168
-724.9338892965378
-724.9339390775851
-724.9339886315752
-724.9340379596531
-724.9340870628461
-724.9341359421876
-724.9341845987979
-724.9342330336937
-724.9342812478847
-724.9343292425076
-724.9343770185229
-724.9344245769915
-724.9344719189203
-724.9345190453591
-724.9345659572962
-724.9346126557319
-724.9346591417212
-724.9347054162444
-724.9347514802735
-724.9347973348217
-724.9348429808784
-724.9348884194158
-724.9349336514393
-724.9349786778347
-724.9350234996881
-724.9350681179068
-724.9351125334365
-724.9351567472255
-724.9352007602457
-724.9352445734487
-724.9352881877526
-724.9353316040771
-724.9353748234188
-724.935417846649
-724.9354606746743
-724.935503308441
-724.9355457488873
-724.9355879968381
-724.9356300533135
-724.9356719191285
-724.9357135951728
-724.9357550823685
-724.9357963816303
-724.9358374937643
-724.9358784196963
-724.9359191602988
-724.9359597164316
-724.9360000889538
-724.9360402787452
-724.9360802866421
-724.9361201135001
-724.9361597601728
-724.936199227489
-724.9362385163467
-724.9362776274875
-724.9363165618
-724.9363553201417
-724.9363939032622
-724.9364323120284
-724.9364705472244
-724.9365086097164
-724.9365465002406
-724.9365842196419
-724.9366217687094
-724.936659148273
-724.9366963590855
-724.9367334019478
-724.9367702776394
-724.9368069869286
-724.936843530619
-724.9368799094874
-724.93691612426
-724.9369521757421
-724.9369880646889
-724.9370237918497
-724.9370593579864
-724.9370947638354
-724.9371300101596
-724.9371650976742
-724.9372000271958
-724.9372347993778
-724.9372694149846
-724.9373038747553
-724.9373381793762
-724.937372329613
-724.9374063261613
-724.9374401697861
-724.9374738611159
-724.9375074009104
-724.9375407898697
-724.9375740286886
-724.937607118054
-724.9376400586992
-724.9376728512947
-724.9377054965045
-724.9377379950521
-724.9377703476003
-724.9378025548181
-724.937834617406
-724.9378665359998
-724.9378983113032
-724.9379299439748
-724.937961434638
-724.9379927840283
-724.9380239927315
-724.9380550614246
-724.938085990783
-724.938116781406
-724.9381474339718
-724.9381779491267
-724.9382083274547
-724.9382385696337
-724.9382686763032
-724.9382986480645
-724.938328485543
-724.9383581893924
-724.9383877601958
-724.9384171985721
-724.9384465051623
-724.9384756805554
-724.9385047253777
-724.9385336401939
-724.9385624256543
-724.9385910823335
-724.9386196108146
-724.9386480117104
-724.9386762855892
-724.9387044330706
-724.9387324547117
-724.9387603511118
-724.9387881228505
-724.9388157704763
-724.9388432945818
-724.9388706957759
-724.9388979745454
-724.9389251315108
-724.9389521672322
-724.9389790822763
-724.9390058771451
-724.9390325524485
-724.9390591087146
-724.939085546522
-724.9391118663591
-724.939138068829
-724.9391641544513
-724.9391901237544
-724.9392159772615
-724.9392417155651
-724.9392673391579
-724.9392928485406
-724.9393182442927
-724.9393435268848
-724.9393686968999
-724.9393937548266
-724.9394187011419
-724.9394435364126
-724.9394682611303
-724.9394928758151
-724.9395173809501
-724.9395417770723
-724.9395660646558
-724.9395902441972
-724.9396143161955
-724.9396382811839
-724.9396621396128
-724.9396858919862
-724.9397095387718
-724.9397330805098
-724.9397565176201
-724.9397798506197
-724.9398030799708
-724.9398262061372
-724.9398492296415
-724.9398721508924
-724.9398949704197
-724.9399176886444
-724.9399403060395
-724.9399628230947
-724.939985240248
-724.9400075579472
-724.9400297766641
-724.9400518968808
-724.9400739189891
-724.9400958434837
-724.9401176707886
-724.9401394013754
-724.9401610356562
-724.940182574081
-724.9402040170937
-724.9402253651368
-724.9402466186458
-724.9402677780334
-724.9402888437528
-724.9403098162311
-724.9403306958966
-724.9403514831452
-724.9403721784269
-724.940392782168
-724.9404132947589
-724.9404337166407
-724.9404540482353
-724.9404742899037
-724.9404944421093
-724.9405145052546
-724.9405344797467
-724.9405543659642
-724.9405741643387
-724.9405938752549
-724.9406134991182
-724.9406330363358
-724.9406524872848
-724.9406718523767
-724.9406911319908
-724.9407103265157
-724.9407294363674
-724.9407484618847
-724.9407674034677
-724.940786261534
-724.9408050364331
-724.9408237285555
-724.9408423382697
-724.9408608659622
-724.9408793119908
-724.9408976767319
-724.9409159605781
-724.9409341638891
-724.9409522869873
-724.9409703303203
-724.9409882941691
-724.9410061789698
-724.9410239850068
-724.941041712704
-724.9410593623862
-724.9410769344005
-724.941094429129
-724.9411118468859
-724.9411291880709
-724.9411464529877
-724.941163641997
-724.9411807554543
-724.9411977936961
-724.9412147570634
-724.9412316458897
-724.9412484605377
-724.9412652013116
-724.9412818685662
-724.9412984626473
-724.9413149838638
-724.9413314325697
-724.9413478090505
-724.9413641136787
-724.9413803467554
-724.9413965086243
-724.9414125996111
-724.9414286200129
-724.9414445701742
-724.9414604503949
-724.9414762610016
-724.9414920023089
-724.941507674637
-724.9415232782741
-724.9415388135669
-724.9415542808027
-724.9415696802928
-724.9415850123669
-724.9416002772705
-724.9416154753739
-724.941630606968
-724.9416456723072
-724.9416606717441
-724.9416756055489
-724.9416904740251
-724.9417052774775
-724.941720016186
-724.9417346904545
-724.9417493005798
-724.9417638468241
-724.9417783295191
-724.9417927489206
-724.9418071053047
-724.9418213989869
-724.9418356302391
-724.9418497993416
-724.9418639065802
-724.9418779522321
-724.9418919354823
-724.9419058587977
-724.9419197202758
-724.9419335223549
-724.9419472631607
-724.9419609450827
-724.9419745662858
-724.9419881291724
-724.9420016318626
-724.942015076731
-724.9420284619806
-724.9420417899444
-724.9420550588037
-724.9420682708748
-724.9420814243887
-724.9420945216514
-724.9421075608428
-724.9421205442943
-724.9421334702209
-724.9421463409064
-724.9421591545872
-724.942171913502
-724.9421846159232
-724.9421972640838
-724.9422098562561
-724.9422223946476
-724.9422348775726
-724.9422473071978
-724.9422596818287
-724.9422720026905
-724.9422842700028
-724.9422964840279
-724.9423086450129
-724.9423207531875
-724.9423328087823
-724.9423448120473
-724.9423567632236
-724.9423686625149
-724.9423805101842
-724.9423923064463
-724.9424040515428
-724.9424157456979
-724.9424273891235
-724.9424389820871
-724.9424505247947
-724.9424620174688
-724.942473460316
-724.9424848535978
-724.9424961975142
-724.9425074922885
-724.9425187381574
-724.942529935315
-724.9425410840037
-724.9425521844142
-724.942563236804
-724.9425742413492
-724.9425851982621
-724.9425961077906
-724.9426069701232
-724.9426177854622
-724.9426285540599
-724.9426392760741
-724.942649951756
-724.9426605812929
-724.942671164889
-724.9426817027569
-724.9426921951055
-724.9427026421215
-724.9427130440205
-724.9427234010165
-724.9427337132963
-724.9427439810477
-724.9427542044814
-724.9427643838114
-724.9427745192169
-724.942784610892
-724.9427946590315
-724.9428046638405
-724.942814625528
-724.9428245442562
-724.9428344202306
-724.9428442536353
-724.9428540446778
-724.9428637935226
-724.942873500375
-724.9428831654318
-724.9428927888498
-724.9429023708477
-724.9429119115796
-724.9429214112583
-724.9429308700367
-724.9429402881366
-724.9429496657054
-724.9429590029232
-724.9429682999896
-724.9429775570827
-724.9429867743843
-724.9429959520471
-724.9430050902643
-724.9430141892249
-724.943023249065
-724.9430322700085
-724.9430412521903
-724.9430501958052
-724.9430591010165
-724.9430679679923
-724.9430767968996
-724.9430855879173
-724.9430943412042
-724.943103056953
-724.943111735305
-724.9431203764282
-724.9431289805082
-724.9431375476825
-724.9431460781434
-724.943154572034
-724.9431630295147
-724.9431714507751
-724.94317983595
-724.9431881851905
-724.9431964987014
-724.9432047765873
-724.9432130190542
-724.9432212262195
-724.9432293982744
-724.9432375353407
-724.9432456376079
-724.9432537052153
-724.9432617382996
-724.9432697370486
-724.9432777016
-724.9432856320856
-724.9432935286819
-724.9433013915249
-724.9433092207761
-724.9433170165871
-724.9433247790894
-724.9433325084389
-724.9433402047869
-724.9433478682705
-724.9433554990482
-724.9433630972511
-724.9433706630359
-724.9433781965446
-724.9433856979127
-724.9433931672746
-724.9434006047886
-724.9434080106103
-724.9434153848415
-724.9434227276417
-724.9434300391811
-724.9434373195268
-724.9434445688822
-724.9434517873482
-724.9434589750775
-724.9434661321961
-724.9434732588485
-724.9434803551763
-724.9434874212851
-724.9434944573383
-724.9435014634557
-724.9435084397684
-724.943515386407
-724.9435223035148
-724.9435291912266
-724.9435360496237
-724.9435428789033
-724.9435496791593
-724.9435564505211
-724.9435631931142
-724.943569907069
-724.9435765925158
-724.943583249572
-724.9435898783801
-724.9435964790416
-724.9436030516964
-724.9436095964812
-724.9436161134785
-724.943622602846
-724.9436290646881
-724.9436354991296
-724.9436419063051
-724.943648286321
-724.9436546393002
-724.9436609653602
-724.943667264613
-724.9436735371855
-724.9436797832154
-724.9436860027705
-724.9436921960241
-724.943698363047
-724.9437045039678
-724.9437106189092
-724.9437167079996
-724.9437227713131
-724.9437288089869
-724.9437348211394
-724.943740807872
-724.9437467693004
-724.943752705539
-724.9437586166938
-724.9437645028662
-724.9437703641831
-724.9437762007357
-724.9437820126693
-724.9437878000527
-724.943793563013
-724.9437993016395
-724.9438050160666
-724.9438107063697
-724.9438163726904
-724.9438220151151
-724.9438276337469
-724.9438332286823
-724.9438388000445
-724.9438443479197
-724.943849872425
-724.9438553736543
-724.9438608517073
-724.9438663067035
-724.9438717387195
-724.9438771478809
-724.9438825342676
-724.9438878979835
-724.9438932391361
-724.9438985578114
-724.9439038541315
-724.9439091281715
-724.9439143800374
-724.9439196098184
-724.94392481763
-724.9439300035488
-724.9439351676878
-724.9439403101143
-724.94394543096
-724.9439505303039
-724.9439556082348
-724.9439606648458
-724.9439657002424
-724.9439707145012
-724.9439757077295
-724.9439806800121
-724.943985631434
-724.9439905620934
-724.9439954720905
-724.9440003614956
-724.9440052304226
-724.9440100789375
-724.9440149071426
-724.944019715127
-724.9440245029803
-724.944029270777
-724.9440340186094
-724.9440387465884
-724.9440434547624
-724.9440481432491
-724.9440528121268
-724.9440574614665
-724.9440620913573
-724.9440667019047
-724.9440712931804
-724.944075865265
-724.9440804182365
-724.9440849522041
-724.9440894672157
-724.9440939633671
-724.9440984407527
-724.9441028994495
-724.9441073395286
-724.9441117610826
-724.9441161641973
-724.9441205489161
-724.9441249153706
-724.944129263598
-724.9441335937101
-724.9441379057646
-724.9441421998602
-724.944146476046
-724.944150734415
-724.9441549750723
-724.94415919804
-724.9441634034316
-724.9441675913189
-724.9441717617682
-724.9441759148742
-724.9441800506816
-724.9441841693
-724.9441882707754
-724.9441923552077
-724.9441964226473
-724.9442004731909
-724.9442045068937
-724.9442085238284
-724.9442125240881
-724.9442165077189
-724.9442204748158
-724.9442244254285
-724.9442283596583
-724.944232277544
-724.9442361791705
-724.9442400646105
-724.9442439339426
-724.944247787212
-724.9442516245244
-724.9442554459183
-724.9442592514589
-724.9442630412425
-724.944266815315
-724.9442705737613
-724.9442743166342
-724.9442780440156
-724.9442817559566
-724.944285452528
-724.9442891338101
-724.9442927998522
-724.9442964507364
-724.9443000865176
-724.9443037072475
-724.9443073130318
-724.9443109038947
-724.9443144799187
-724.9443180411668
-724.9443215877062
-724.944325119592
-724.9443286368988
-724.94433213967
-724.9443356279794
-724.9443391019081
-724.9443425614844
-724.9443460067903
-724.9443494378877
-724.944352854843
-724.9443562576986
-724.9443596465253
-724.9443630213806
-724.9443663823406
-724.9443697294528
-724.944373062773
-724.9443763823565
-724.9443796882782
-724.9443829805746
-724.9443862593432
-724.9443895246118
-724.9443927764288
-724.9443960148923
-724.9443992400273
-724.944402451911
-724.9444056505739
-724.9444088360902
-724.9444120085249
-724.9444151679158
-724.9444183143389
-724.9444214478359
-724.9444245684632
-724.9444276762754
-724.9444307713416
-724.9444338537089
-724.9444369234242
-724.9444399805376
-724.9444430251226
-724.9444460572282
-724.9444490768843
-724.9444520841888
-724.9444550791471
-724.9444580618496
-724.9444610323208
-724.9444639906287
-724.9444669368384
-724.9444698709763
-724.9444727931076
-724.9444757032775
-724.9444786015397
-724.9444814879508
-724.9444843625593
-724.9444872254069
-724.9444900765624
-724.9444929160608
-724.9444957439441
-724.9444985602908
-724.94450136512
-724.9445041585071
-724.9445069404885
-724.9445097111083
-724.9445124704271
-724.9445152184758
-724.9445179553227
-724.9445206809976
-724.944523395562
-724.9445260990649
-724.9445287915474
-724.9445314730459
-724.9445341436257
-724.9445368033387
-724.9445394522024
-724.9445420902877
-724.9445447176353
-724.9445473342779
-724.9445499402827
-724.9445525356834
-724.9445551205249
-724.9445576948559
-724.944560258712
-724.9445628121567
-724.944565355223
-724.9445678879496
-724.9445704103925
-724.9445729225874
-724.9445754245786
-724.9445779164215
-724.9445803981441
-724.9445828697876
-724.9445853314097
-724.9445877830367
-724.9445902247332
-724.9445926565319
-724.9445950784562
-724.9445974905898
-724.9445998929184
-724.9446022855312
-724.9446046684571
-724.9446070417209
-724.9446094053758
-724.944611759468
-724.9446141040373
-724.944616439124
-724.9446187647537
-724.9446210809947
-724.9446233878491
-724.9446256853757
-724.9446279736294
-724.944630252632
-724.9446325224271
-724.944634783068
-724.9446370345613
-724.9446392769631
-724.9446415103206
-724.9446437346743
-724.9446459500424
-724.9446481564776
-724.9446503540148
-724.9446525426872
-724.944654722527
-724.9446568936049
-724.9446590559112
-724.9446612095115
-724.9446633544574
-724.9446654907546
-724.9446676184458
-724.9446697375697
-724.9446718481827
-724.9446739502874
-724.9446760439406
-724.9446781291795
-724.9446802060403
-724.9446822745315
-724.9446843347199
-724.9446863866297
-724.94468843031
-724.9446904657673
-724.9446924930537
-724.9446945122116
-724.9446965232494
-724.9446985262258
-724.944700521169
-724.9447025081096
-724.9447044870844
-724.94470645812
-724.9447084212607
-724.9447103765331
-724.9447123239743
-724.944714263613
-724.9447161954814
-724.9447181196211
-724.9447200360528
-724.9447219448242
-724.9447238459406
-724.944725739469
-724.9447276254255
-724.9447295038257
-724.9447313747282
-724.9447332381574
-724.9447350941352
-724.944736942699
-724.9447387838824
-724.944740617727
-724.9447424442291
-724.9447442634496
-724.9447460754172
-724.9447478801394
-724.9447496776844
-724.9447514680646
-724.9447532512874
-724.9447550274215
-724.9447567964639
-724.9447585584596
-724.9447603134528
-724.9447620614377
-724.9447638024759
-724.9447655365815
-724.9447672637841
-724.9447689841267
-724.9447706976259
-724.9447724042947
-724.9447741041938
-724.9447757973317
-724.9447774837565
-724.9447791634649
-724.9447808365143
-724.9447825029
-724.944784162682
-724.944785815881
-724.9447874625206
-724.9447891026243
-724.9447907362194
-724.9447923633293
-724.9447939839998
-724.9447955982438
-724.9447972061023
-724.944798807572
-724.9448004027082
-724.9448019915282
-724.9448035740597
-724.9448051503322
-724.9448067203568
-724.9448082841791
-724.9448098418101
-724.9448113932833
-724.9448129386286
-724.9448144778548
-724.9448160110164
-724.9448175381075
-724.9448190591704
-724.9448205742397
-724.9448220833137
-724.9448235864367
-724.9448250836206
-724.9448265749119
-724.9448280603253
-724.9448295398608
-724.9448310135834
-724.9448324814886
-724.9448339436038
-724.9448353999771
-724.944836850605
-724.9448382955208
-724.9448397347567
-724.9448411683127
-724.9448425962487
-724.94484401855
-724.9448454352761
-724.9448468464271
-724.9448482520243
-724.9448496520963
-724.9448510466727
-724.9448524357788
-724.9448538194232
-724.9448551976313
-724.9448565704367
-724.9448579378546
-724.9448592999
-724.9448606566177
-724.9448620080103
-724.9448633541014
-724.9448646949241
-724.944866030492
-724.9448673608224
-724.944868685942
-724.9448700058805
-724.9448713206467
-724.9448726302727
-724.9448739347707
-724.9448752341648
-724.9448765284795
-724.9448778177389
-724.9448791019535
-724.9448803811433
-724.9448816553538
-724.9448829245786
-724.9448841888513
-724.9448854481828
-724.9448867026005
-724.9448879521326
-724.9448891967875
-724.9448904365796
-724.9448916715393
-724.9448929016837
-724.9448941270415
-724.944895347628
-724.9448965634558
-724.9448977745362
-724.9448989809276
-724.9449001826031
-724.9449013796154
-724.9449025719587
-724.9449037596701
-724.9449049427761
-724.944906121271
-724.9449072951846
-724.9449084645389
-724.9449096293579
-724.9449107896469
-724.9449119454335
-724.9449130967298
-724.9449142435622
-724.9449153859414
-724.9449165238968
