-724.6500662111376
-724.7213920137629
-724.7720350794182
-724.8069437140817
-724.8298390741468
-724.8434186225331
-724.8495381011047
-724.8493668271991
-724.8435067469362
-724.8320725167573
-724.814728966748
-724.7906850097351
-724.7586457887714
-724.7167292378257
-724.6624279141537
-724.5929779184883
-724.5054494313896
-724.3968281981206
-724.2643020787311
-724.1057381293598
-723.9204258017733
-723.7104922890603
-723.4830726003715
-723.2521044344476
-723.0398444608924
-723.0468584989916
-723.2229355177709
-723.4396815903854
-723.682159082638
-723.9346082244402
-724.1826252810829
-724.4151633636553
-724.6253565034356
-724.810280034842
-724.9697683834125
-725.1049996489103
-725.218100628746
-725.3116463166934
-725.3883127165956
-725.4507002942722
-725.501281768292
-725.5425975390062
-725.5768666366382
-725.6058619983213
-725.6310802602708
-725.6538265944123
-725.675206507492
-725.6958054775904
-725.7152759707425
-725.733130305656
-725.7490595360318
-725.7630062577972
-725.7750943239872
-725.7854055076431
-725.7936076033475
-725.7984604986469
-725.7972548897187
-725.7852706179709
-725.7553771505313
-725.6979403795099
