-2749.5966196006257
-2749.5879887249707
-2749.564923225076
-2749.530961844557
-2749.4886562992792
-2749.439498505364
-2749.383827800679
-2749.3207290267756
-2749.2479588487377
-2749.1619562322085
-2749.0579978045967
-2748.930545036373
-2748.7738004713938
-2748.5824513657963
-2748.352547304413
-2748.0824436032667
-2747.773756186741
-2747.4323066418738
-2747.0690377583314
-2746.175038605808
-2745.967224075059
-2745.970729635723
-2746.163996974915
-2746.4828667008755
-2746.844285144967
-2747.197402831869
-2747.514738246303
-2747.781013722232
-2747.9892804518154
-2748.1393735711295
-2748.2365165316546
-2746.5666530253316
-2746.6470807326705
-2746.710371630256
-2746.762866751623
-2746.8098105323256
-2746.854953727513
-2748.25869878116
-2748.2661985814534
-2748.286886772596
-2748.3209330908912
-2747.0965214499342
-2747.146491800646
-2747.195481380699
-2747.242902160054
-2747.235680098142
-2747.2137309306836
-2747.2029948961017
-2747.2130699929903
-2747.2010431907956
-2747.181831404885
-2747.1644034188616
-2747.540399763806
-2747.5663347555765
-2747.588638643646
-2747.606375032694
-2749.6070533907914
-2749.6562936566693
-2749.688774398813
-2749.700588779106
