-1891.90966387418
-1891.8766505776061
-1891.7886939559207
-1891.661518877359
-1891.5092952935304
-1891.3443324287073
-1891.176969804851
-1891.015651888985
-1890.8671222231937
-1890.7366419449856
-1890.6281437405619
-1890.5442755815723
-1890.4863518743707
-1890.454285277774
-1890.4465939838478
-1890.4605546888668
-1890.4925092011365
-1890.538260921684
-1890.5934564409174
-1890.6538700489282
-1890.715587684275
-1890.7751585089723
-1890.829774437996
-1890.877452533104
-1890.917121160424
-1890.9485281442835
-1890.9719831263417
-1890.9880367918288
-1890.9972261849834
-1890.9999721170716
-1890.9966369362244
-1890.9877547171827
-1890.974101381789
-1890.9566116447127
-1890.9363173397387
-1890.9142272580568
-1890.8912004574156
-1890.8678457436363
-1890.8444511938712
-1890.8209352935744
-1890.7968150878019
-1890.7711958406564
-1890.7427925402494
-1890.7099936638353
-1890.6709732077873
-1890.6238501337928
-1890.5668869176263
-1890.4987120828032
-1890.4185460836322
-1890.3264049929805
-1890.2232500932562
-1890.1110405036688
-1889.9926300088555
-1889.871438038407
-1889.75084255788
-1889.6333124568305
-1889.5194060057045
-1889.406850539708
-1889.289921696774
-1889.1592412168447
