-724.8416681181226
-724.8816770785886
-724.9123198165494
-724.9360157010882
-724.9545449032888
-724.969099759903
-724.9803530968753
-724.9885370131082
-724.993528056866
-724.9949361799627
-724.9921951826589
-724.9846514147813
-724.971645481506
-724.9525787772843
-724.9269918291673
-724.8947810162778
-724.8559441304325
-724.8100452170482
-724.7557144585641
-724.6903424062606
-724.6101750705031
-724.5117901049298
-724.3943583426028
-724.2602281727039
-724.1157070943636
-723.971159056363
-723.8396266306365
-723.733408053325
-723.6594117173161
-723.6175811622984
-723.6040390127316
-723.6154523455023
-723.6508075677209
-723.7102073778101
-723.7921464328966
-723.8917190608857
-724.0013429691926
-724.1127816164569
-724.2191144793835
-724.31578559173
-724.400766755295
-724.4745362042956
-724.5386421911392
-724.5944861846584
-724.6430059627327
-724.6846740949061
-724.719684968977
-724.7482723739315
-724.7709224815727
-724.7880911165291
-724.8001387521067
-724.8073146655288
-724.8097351744758
-724.807350435415
-724.799894509834
-724.7868120646104
-724.7671547793067
-724.739440754946
-724.7014713575057
-724.6501028677526
