-1891.950682218132
-1891.9043509032908
-1891.761062284341
-1891.51468666106
-1891.1611051368454
-1890.699612189785
-1890.1337420839884
-1889.4719424210086
-1888.7291685496589
-1887.9335384663666
-1887.1638091729171
-1886.7418351482072
-1887.0037999324807
-1887.5914868581078
-1888.2679620564852
-1888.9559410689544
-1889.6228338292108
-1890.250441852964
-1890.8271098190794
-1891.3454143104768
-1891.8013092488638
-1892.1936075594413
-1892.5234890979225
-1892.7939800790111
-1893.0094284815352
-1893.1750154992258
-1893.2963355362776
-1893.3790629195046
-1893.4287093209985
-1893.450464949904
-1893.4491284946882
-1893.4294779495656
-1893.396271636876
-1893.3539078182262
-1893.3064892907362
-1893.2578890079785
-1893.2117904754314
-1893.1716970953719
-1893.140906313387
-1893.122447768443
-1893.1189903695981
-1893.132730531923
-1893.1652803123986
-1893.217576526062
-1893.289827996638
-1893.3815083806153
-1893.4913901187688
-1893.6176057891855
-1893.7577197370783
-1893.9087956562146
-1894.0674524395413
-1894.2299078215271
-1894.39201434225
-1894.549293675314
-1894.696973434755
-1894.8300264870288
-1894.9432086195275
-1895.0310883266307
-1895.088063874263
-1895.1083672402667
