-1891.950682218132
-1891.9464215225125
-1891.9350737854325
-1891.9176887999595
-1891.8941331240821
-1891.8634305967914
-1891.8240874432445
-1891.7744114324178
-1891.712839409689
-1891.6382905162516
-1891.550561993842
-1891.4507744702134
-1891.3418435524711
-1891.2288924954305
-1891.119554727255
-1891.0241100649764
-1890.9530946372104
-1890.9139656542607
-1890.9083276302592
-1890.930957353094
-1890.9711547222812
-1891.0161435340476
-1891.0536186798606
-1891.0718807845913
-1891.060409320569
-1891.0101827217982
-1890.914044938915
-1890.7675968093035
-1890.5716921807407
-1890.3323299880212
-1890.0610558574883
-1889.7770119121287
-1889.5105745629214
-1889.3097936078027
-1889.2467070070593
-1889.3923255751874
-1889.734049686534
-1890.177063131097
-1890.647724514798
-1891.1144358659417
-1891.5647872496127
-1891.9912871506583
-1892.386421890023
-1892.7427106453856
-1893.053575065844
-1893.3146064512339
-1893.5247245188025
-1893.6870444181393
-1893.8083706505977
-1893.896879979138
-1893.9610518978059
-1894.008903367765
-1894.0473672834173
-1894.0818345475936
-1894.1158476676912
-1894.1509138732986
-1894.1863976200264
-1894.2194541497101
-1894.2449748437339
-1894.2555286941854
