-2169.395080746778
-2169.3932477973153
-2169.389078382981
-2169.3837522036106
-2169.3776616529385
-2169.370735068069
-2169.3627029397753
-2169.3533062499364
-2169.3424414004844
-2169.3302328180566
-2169.3170204423423
-2169.303249595928
-2169.2892526346445
-2169.2749189478122
-2169.2592725423874
-2169.2400268794854
-2169.2130238029295
-2169.17176939367
-2169.1072765074155
-2169.008413929573
-2168.863050668265
-2168.6625991692376
-2168.4094680508524
-2168.1342600994867
-2168.1975363263755
-2168.4226228893135
-2168.6677070463343
-2168.908736267302
-2169.1308401050487
-2169.3244034162694
-2169.4850736170415
-2169.6132777581042
-2169.7127994561906
-2169.789190455338
-2169.848499637776
-2169.896049849917
-2169.935717983214
-2169.970134483568
-2170.0009954248953
-2170.029341788256
-2170.0557803008983
-2170.0807207031526
-2170.1043425713765
-2170.1266644017333
-2170.1477134592915
-2170.1676391751425
-2170.186763114653
-2170.2054854137273
-2170.224002585404
-2170.242353873766
-2170.2604658937157
-2170.278172029725
-2170.2952299753647
-2170.311336654383
-2170.326140303314
-2170.339250015172
-2170.3502433667013
-2170.3586742680095
-2170.3640791814005
-2170.3659854469906
