-2169.1849259216374
-2169.1722582588386
-2169.1393137095374
-2169.092663610296
-2169.0374962702667
-2168.977693537964
-2168.9160209912643
-2168.854419505843
-2168.7943595484
-2168.737181545568
-2168.6843260099818
-2168.6373931121075
-2168.5980450946377
-2168.5678137605755
-2168.54787992121
-2168.5388792734743
-2167.823535651284
-2167.66851517066
-2167.5278458896246
-2167.323952114738
-2167.8270714320965
-2167.845241620547
-2167.8686108344646
-2167.894905208344
-2167.9224232733122
-2167.9500330930136
-2167.9770968825546
-2168.0033500623363
-2168.0241332875557
-2168.0533667758846
-2165.9660197906346
-2168.973523523446
-2168.9967689430046
-2168.1455287282124
-2168.1666618068457
-2168.1854759401785
-2168.202499391027
-2168.2174531848364
-2168.2300565363043
-2169.115839230614
-2169.1233175933608
-2169.127829851013
-2169.129421682469
-2169.1283042804516
-2169.1248805952528
-2169.1197616399095
-2169.113767638853
-2169.1079086481373
-2169.1033398506397
-2169.101288225427
-2169.1029496335364
-2168.2333741138127
-2168.245455776921
-2169.138804924778
-2169.1616451559566
-2169.1884828618554
-2169.2170456781905
-2169.2439202603096
-2169.2644479462274
-2169.272663411909
