-1589.099610135703
-1589.095522515055
-1589.0854130386122
-1589.0719239002344
-1589.0569882270984
-1589.0419318065544
-1589.0275778030232
-1589.0143503223746
-1589.0023731648091
-1588.9915607114356
-1588.9816984943927
-1588.9725115784236
-1588.963719381332
-1588.955075992776
-1588.9463954356133
-1588.9375616826414
-1588.9285236229628
-1588.9192755990368
-1588.9098246494184
-1588.9001461775517
-1588.8901304383717
-1588.8795229572904
-1588.8678627271515
-1588.8544227160767
-1588.8381578449048
-1588.817666125209
-1588.791169171121
-1588.7565189494578
-1588.7112387339616
-1588.6526084367501
-1588.577813692236
-1588.4843356003616
-1588.3705807825652
-1588.2364740456694
-1588.084416269429
-1587.921147393448
-1587.7616468709875
-1587.6352339046095
-1587.58251720146
-1587.6264636619876
-1587.75265097758
-1587.9273437528816
-1588.120142074158
-1588.3108246761954
-1588.4871503426402
-1588.6420740603921
-1588.7722185567181
-1588.8771601125093
-1588.9591314811228
-1589.0230352004164
-1588.8312708040385
-1588.906253028955
-1589.190316576099
-1589.2575030711257
-1589.3282887041487
-1589.3995493045898
-1589.467690024604
-1589.5273544876618
-1589.5708183003417
-1589.5879346897325
