-2448.0839605061124
-2447.9983784932033
-2447.7550821842947
-2447.3802600474046
-2446.9084369859474
-2446.3825166895067
-2445.853189656172
-2445.376576039787
-2445.0084088701333
-2444.793701064697
-2444.7536815715434
-2444.8768813034744
-2445.1208127613404
-2445.422244656416
-2445.7109545378908
-2445.923114365276
-2446.0102984651708
-2445.94311412715
-2445.7112785312256
-2445.3214752399726
-2444.793911787799
-2444.1593850586705
-2441.5549653829457
-2442.136040958989
-2442.772180127084
-2443.4288030426237
-2444.0492865493447
-2444.6335825665665
-2445.1728122990976
-2445.6620179953698
-2446.09806931817
-2446.4800520695803
-2446.8092431732844
-2447.0885922151456
-2447.322668334906
-2447.5173072612897
-2447.679025441764
-2447.814379603956
-2447.9294361205484
-2448.029445714967
-2448.118736580182
-2448.200773102946
-2448.2782948671847
-2448.353455428914
-2448.427913648191
-2448.5028728631733
-2448.5790936024796
-2448.656911736289
-2448.7362793464326
-2448.816824256645
-2448.8979101360383
-2448.978677720174
-2449.058055363934
-2449.1347366903065
-2449.2071295648243
-2449.273283087948
-2449.330799763036
-2449.3767405449125
-2449.407531339442
-2449.4188790441317
