-1890.6128682834028
-1890.6145771697395
-1890.5616003546436
-1890.456209759804
-1890.302886456844
-1890.1087477843841
-1889.8839469416992
-1889.6419953463048
-1889.399811268843
-1889.1770424778415
-1888.994054918675
-1888.8685233603962
-1888.8121481212916
-1888.8303841208904
-1888.926670557816
-1889.100613903042
-1889.3277473989938
-1889.5697671744563
-1889.7985881078503
-1889.9990484997375
-1890.1652054177373
-1890.2970802787868
-1890.3983162320492
-1890.47446624626
-1890.5317317905235
-1890.5760736029026
-1890.6126500123028
-1890.6455333321885
-1890.6776407358927
-1890.7108095577055
-1890.7459595807975
-1890.7834470548553
-1890.823261574199
-1890.8650089783557
-1890.9080264514091
-1890.9515015254788
-1890.9945900711887
-1891.0365305626397
-1891.0767460931902
-1891.1149219593062
-1891.1510472955358
-1891.1854145580905
-1891.218578811058
-1891.2512867820697
-1891.2843905515545
-1891.318760990544
-1891.3552119230214
-1891.3944393439556
-1891.4369734115942
-1891.4831364817487
-1891.5329991387034
-1891.5863277244919
-1891.6425201135844
-1891.7005300089306
-1891.7587827841223
-1891.8150873179354
-1891.8665484711976
-1891.9094843037635
-1891.9393514763258
-1891.9506822181136
