-724.8385801842026
-724.838579039391
-724.8385778909152
-724.8385767387628
-724.8385755829328
-724.8385744233843
-724.8385732601263
-724.8385720931528
-724.8385709224382
-724.838569747964
-724.83856856974
-724.8385673877402
-724.838566201963
-724.838565012356
-724.8385638189529
-724.8385626217249
-724.8385614206488
-724.8385602157439
-724.8385590069635
-724.8385577943035
-724.8385565777588
-724.8385553573115
-724.8385541329441
-724.8385529046508
-724.8385516724146
-724.8385504362284
-724.8385491960719
-724.8385479519286
-724.8385467038042
-724.8385454516631
-724.838544195492
-724.8385429353058
-724.8385416710644
-724.8385404027657
-724.8385391303889
-724.8385378539223
-724.8385365733516
-724.838535288673
-724.8385339998547
-724.8385327069009
-724.8385314097942
-724.8385301085165
-724.8385288030488
-724.838527493379
-724.8385261795123
-724.8385248613993
-724.8385235390596
-724.8385222124595
-724.8385208815877
-724.8385195464273
-724.8385182069853
-724.8385168632157
-724.8385155151342
-724.8385141627058
-724.8385128059191
-724.8385114447676
-724.8385100792294
-724.8385087092943
-724.838507334943
-724.8385059561675
-724.8385045729453
-724.8385031852689
-724.8385017931097
-724.8385003964729
-724.8384989953249
-724.8384975896647
-724.8384961794783
-724.8384947647324
-724.8384933454226
-724.8384919215492
-724.8384904930659
-724.8384890599692
-724.8384876222584
-724.8384861799125
-724.8384847329045
-724.8384832812307
-724.8384818248512
-724.8384803637979
-724.838478898008
-724.8384774274906
-724.8384759522224
-724.8384744721934
-724.8384729873695
-724.838471497756
-724.8384700033275
-724.8384685040772
-724.838466999965
-724.8384654910022
-724.8384639771588
-724.8384624584203
-724.8384609347722
-724.8384594061935
-724.838457872672
-724.838456334191
-724.8384547907306
-724.838453242271
-724.838451688807
-724.8384501303116
-724.8384485667799
-724.8384469981854
-724.8384454245135
-724.8384438457291
-724.8384422618569
-724.8384406728323
-724.8384390786762
-724.838437479354
-724.8384358748533
-724.8384342651445
-724.8384326502278
-724.8384310300748
-724.8384294046692
-724.8384277739981
-724.8384261380444
-724.838424496775
-724.8384228501851
-724.8384211982677
-724.8384195409883
-724.8384178783124
-724.8384162102715
-724.8384145368063
-724.838412857903
-724.8384111735622
-724.8384094837517
-724.8384077884535
-724.8384060876693
-724.8384043813439
-724.838402669487
-724.8384009520779
-724.8383992290723
-724.8383975004768
-724.8383957662755
-724.8383940264365
-724.8383922809371
-724.8383905297743
-724.8383887729128
-724.8383870103402
-724.8383852420486
-724.8383834680042
-724.8383816881847
-724.8383799025904
-724.838378111184
-724.8383763139453
-724.8383745108675
-724.8383727019249
-724.8383708870883
-724.8383690663566
-724.8383672396902
-724.8383654070828
-724.8383635685104
-724.8383617239605
-724.8383598733913
-724.8383580168016
-724.8383561541616
-724.8383542854757
-724.8383524106855
-724.8383505297976
-724.8383486427701
-724.8383467496067
-724.8383448502618
-724.8383429447408
-724.8383410330032
-724.8383391150275
-724.838337190802
-724.8383352603153
-724.8383333235203
-724.8383313804177
-724.8383294309693
-724.8383274751741
-724.8383255129893
-724.8383235444143
-724.8383215694016
-724.8383195879535
-724.8383176000293
-724.8383156056183
-724.8383136047045
-724.8383115972656
-724.8383095832622
-724.8383075626776
-724.8383055355031
-724.8383035017008
-724.8383014612525
-724.8382994141535
-724.8382973603623
-724.8382952998425
-724.8382932326059
-724.8382911586242
-724.8382890778365
-724.8382869902767
-724.8382848958646
-724.8382827946274
-724.8382806865039
-724.8382785714978
-724.8382764495597
-724.8382743206877
-724.8382721848545
-724.838270042025
-724.8382678921957
-724.8382657353219
-724.8382635713959
-724.8382614003826
-724.8382592222682
-724.8382570370115
-724.8382548446156
-724.8382526450224
-724.8382504382445
-724.838248224238
-724.8382460029737
-724.8382437744282
-724.8382415385822
-724.8382392954148
-724.8382370448855
-724.8382347869959
-724.8382325217083
-724.8382302489852
-724.838227968807
-724.8382256811685
-724.8382233860104
-724.8382210833316
-724.8382187731027
-724.8382164553035
-724.8382141298911
-724.8382117968564
-724.8382094561634
-724.8382071077793
-724.8382047517024
-724.8382023878991
-724.8382000163355
-724.8381976369697
-724.8381952498016
-724.8381928547855
-724.83819045192
-724.83818804115
-724.8381856224582
-724.8381831958317
-724.8381807612444
-724.8381783186271
-724.8381758680147
-724.8381734093356
-724.8381709425804
-724.8381684677103
-724.8381659847042
-724.8381634935338
-724.8381609941683
-724.8381584865989
-724.8381559707753
-724.8381534466777
-724.8381509142736
-724.8381483735369
-724.8381458244481
-724.8381432669696
-724.8381407010705
-724.8381381267254
-724.8381355439092
-724.8381329526052
-724.8381303527533
-724.8381277443565
-724.8381251273527
-724.8381225017332
-724.8381198674784
-724.838117224547
-724.8381145728955
-724.8381119125187
-724.8381092433663
-724.838106565437
-724.8381038786612
-724.8381011830459
-724.8380984785238
-724.8380957651173
-724.8380930427502
-724.838090311397
-724.838087571041
-724.8380848216547
-724.8380820631962
-724.8380792956519
-724.8380765189572
-724.8380737331112
-724.8380709380717
-724.8380681338067
-724.8380653202973
-724.8380624974861
-724.8380596653659
-724.8380568238925
-724.838053973044
-724.8380511127708
-724.8380482430567
-724.8380453638708
-724.8380424751667
-724.838039576928
-724.8380366691063
-724.8380337516846
-724.8380308246061
-724.838027887878
-724.8380249414286
-724.8380219852452
-724.8380190192862
-724.8380160435354
-724.83801305792
-724.8380100624552
-724.8380070570792
-724.8380040417557
-724.8380010164623
-724.8379979811704
-724.8379949358327
-724.8379918804088
-724.837988814877
-724.8379857391984
-724.8379826533575
-724.8379795572754
-724.8379764509665
-724.8379733343581
-724.8379702074506
-724.8379670701693
-724.8379639225053
-724.8379607644134
-724.8379575958581
-724.8379544168179
-724.8379512272458
-724.8379480270978
-724.8379448163461
-724.8379415949579
-724.8379383628758
-724.8379351201025
-724.8379318665634
-724.8379286022396
-724.8379253271031
-724.8379220411084
-724.8379187442087
-724.8379154363681
-724.8379121175683
-724.8379087877341
-724.8379054468763
-724.8379020949238
-724.8378987318595
-724.837895357623
-724.8378919721879
-724.8378885755278
-724.8378851675693
-724.8378817483135
-724.8378783176937
-724.8378748756899
-724.8378714222683
-724.8378679573525
-724.8378644809338
-724.8378609929778
-724.8378574934206
-724.8378539822459
-724.8378504594003
-724.8378469248408
-724.8378433785482
-724.8378398204535
-724.8378362505412
-724.8378326687447
-724.8378290750645
-724.8378254694121
-724.837821851776
-724.8378182221031
-724.8378145803646
-724.8378109265155
-724.8378072605036
-724.8378035822873
-724.8377998918425
-724.8377961891192
-724.8377924740563
-724.8377887466457
-724.8377850068165
-724.8377812545398
-724.8377774897681
-724.8377737124654
-724.8377699225787
-724.8377661200673
-724.8377623048998
-724.8377584770125
-724.8377546363895
-724.837750782945
-724.8377469166765
-724.837743037523
-724.8377391454513
-724.837735240387
-724.8377313223192
-724.8377273911849
-724.837723446945
-724.8377194895525
-724.8377155189665
-724.8377115351443
-724.837707538019
-724.8377035275784
-724.8376995037482
-724.8376954664859
-724.8376914157635
-724.8376873515242
-724.8376832737183
-724.8376791823079
-724.8376750772269
-724.8376709584666
-724.8376668259396
-724.8376626796077
-724.8376585194382
-724.8376543453795
-724.8376501573683
-724.8376459553854
-724.8376417393466
-724.8376375092424
-724.8376332649889
-724.8376290065629
-724.8376247339007
-724.8376204469652
-724.8376161456995
-724.83761183005
-724.8376074999718
-724.8376031554196
-724.83759879635
-724.8375944226854
-724.8375900344148
-724.8375856314537
-724.837581213764
-724.8375767813009
-724.8375723339987
-724.8375678718298
-724.837563394721
-724.8375589026292
-724.8375543955187
-724.8375498733033
-724.837545335958
-724.8375407834066
-724.8375362156346
-724.8375316325613
-724.8375270341335
-724.8375224203202
-724.8375177910406
-724.8375131462507
-724.8375084859075
-724.8375038099481
-724.8374991183122
-724.8374944109689
-724.8374896878332
-724.8374849488808
-724.8374801940472
-724.8374754232578
-724.8374706364714
-724.8374658336675
-724.837461014732
-724.8374561796542
-724.8374513283466
-724.8374464607589
-724.8374415768569
-724.8374366765611
-724.8374317598216
-724.837426826595
-724.8374218768148
-724.8374169104181
-724.8374119273523
-724.8374069275588
-724.8374019109775
-724.837396877551
-724.8373918272429
-724.8373867599511
-724.8373816756605
-724.8373765742847
-724.8373714557722
-724.837366320068
-724.8373611671177
-724.8373559968427
-724.8373508091929
-724.8373456041255
-724.8373403815594
-724.8373351414308
-724.8373298836857
-724.8373246082709
-724.8373193151168
-724.8373140041746
-724.8373086753745
-724.8373033286375
-724.8372979639198
-724.8372925811656
-724.8372871803095
-724.8372817612706
-724.8372763240108
-724.8372708684354
-724.8372653945238
-724.8372599021857
-724.8372543913434
-724.8372488619716
-724.8372433139649
-724.837237747282
-724.8372321618725
-724.8372265576572
-724.8372209345449
-724.8372152925125
-724.8372096314699
-724.8372039513505
-724.8371982521107
-724.8371925336544
-724.8371867959345
-724.8371810388794
-724.8371752624125
-724.8371694664932
-724.8371636510276
-724.8371578159523
-724.8371519612077
-724.837146086717
-724.8371401924172
-724.8371342782586
-724.8371283441484
-724.83712239
-724.8371164157805
-724.837110421405
-724.8371044068202
-724.8370983719165
-724.8370923166559
-724.8370862409586
-724.8370801447567
-724.837074027985
-724.8370678905409
-724.8370617323951
-724.8370555534492
-724.8370493536469
-724.8370431329091
-724.8370368911443
-724.8370306283073
-724.8370243443153
-724.837018039092
-724.8370117125712
-724.8370053646568
-724.8369989953104
-724.8369926044307
-724.8369861919423
-724.8369797577861
-724.8369733018865
-724.8369668241442
-724.8369603245226
-724.8369538029092
-724.8369472592367
-724.8369406934416
-724.8369341054557
-724.8369274951475
-724.8369208624969
-724.8369142074093
-724.8369075298046
-724.8369008295715
-724.8368941066905
-724.8368873610682
-724.8368805926032
-724.8368738012099
-724.8368669868534
-724.8368601494113
-724.8368532888136
-724.8368464049831
-724.8368394978457
-724.8368325673171
-724.8368256132961
-724.8368186357303
-724.8368116345246
-724.8368046096011
-724.836797560865
-724.8367904882407
-724.8367833916476
-724.8367762710047
-724.8367691262296
-724.8367619572327
-724.8367547639181
-724.8367475462308
-724.8367403040503
-724.8367330373133
-724.8367257459332
-724.8367184298236
-724.8367110889009
-724.8367037230504
-724.8366963322408
-724.8366889163293
-724.8366814752568
-724.836674008946
-724.8366665172887
-724.836659000204
-724.8366514575652
-724.8366438893697
-724.8366362954541
-724.8366286757494
-724.836621030178
-724.8366133586404
-724.8366056610422
-724.8365979372942
-724.836590187317
-724.8365824109991
-724.8365746082685
-724.8365667790156
-724.8365589231664
-724.8365510406078
-724.836543131271
-724.8365351950318
-724.8365272318173
-724.8365192415297
-724.836511224072
-724.8365031793497
-724.8364951072629
-724.836487007724
-724.8364788806612
-724.8364707259271
-724.8364625434517
-724.8364543331289
-724.8364460948978
-724.8364378286044
-724.8364295341818
-724.8364212115456
-724.8364128605737
-724.8364044811589
-724.8363960732256
-724.8363876366683
-724.8363791713782
-724.8363706772657
-724.8363621542182
-724.8363536021448
-724.8363450209449
-724.8363364105011
-724.8363277707288
-724.8363191015267
-724.836310402763
-724.8363016743657
-724.8362929162383
-724.8362841282296
-724.8362753102834
-724.8362664622673
-724.836257584101
-724.8362486756449
-724.8362397368078
-724.8362307675
-724.8362217675902
-724.8362127369846
-724.8362036755695
-724.8361945832415
-724.8361854599024
-724.8361763054204
-724.8361671197065
-724.836157902646
-724.8361486541218
-724.8361393740444
-724.8361300622496
-724.836120718694
-724.8361113432387
-724.8361019357578
-724.8360924961601
-724.8360830243142
-724.8360735201185
-724.8360639834552
-724.8360544142246
-724.8360448123145
-724.8360351775511
-724.8360255098936
-724.8360158091965
-724.8360060753436
-724.8359963082213
-724.8359865077138
-724.8359766736987
-724.835966806059
-724.8359569046941
-724.8359469694553
-724.8359370002602
-724.8359269969466
-724.8359169594329
-724.8359068875758
-724.8358967812565
-724.835886640372
-724.8358764647853
-724.835866254356
-724.8358560090185
-724.835845728597
-724.8358354129781
-724.8358250620694
-724.8358146757023
-724.8358042537974
-724.8357937961853
-724.8357833027738
-724.8357727734093
-724.835762208001
-724.835751606387
-724.8357409684547
-724.8357302940858
-724.835719583162
-724.835708835501
-724.8356980510274
-724.8356872295856
-724.8356763710606
-724.8356654753097
-724.8356545422142
-724.8356435716232
-724.8356325634261
-724.835621517469
-724.8356104336453
-724.8355993118058
-724.8355881518154
-724.8355769535374
-724.835565716857
-724.8355544416278
-724.8355431276791
-724.8355317749363
-724.8355203832223
-724.835508952415
-724.8354974823569
-724.835485972955
-724.8354744240066
-724.8354628354216
-724.8354512070572
-724.8354395387335
-724.835427830354
-724.8354160817535
-724.8354042928045
-724.835392463362
-724.8353805932827
-724.8353686824025
-724.8353567306044
-724.8353447377274
-724.835332703649
-724.835320628193
-724.8353085112341
-724.8352963526146
-724.8352841522052
-724.8352719098655
-724.8352596254072
-724.8352472986712
-724.8352349295965
-724.8352225179416
-724.8352100636113
-724.8351975664281
-724.8351850262517
-724.8351724429273
-724.8351598162825
-724.835147146204
-724.8351344325266
-724.8351216750597
-724.8351088737097
-724.8350960282835
-724.8350831386188
-724.8350702045711
-724.8350572259857
-724.8350442026966
-724.8350311345527
-724.8350180214054
-724.8350048630931
-724.8349916594434
-724.8349784102904
-724.8349651154873
-724.8349517748911
-724.8349383882828
-724.8349249555523
-724.8349114765116
-724.8348979510201
-724.8348843788987
-724.8348707599546
-724.8348570940811
-724.834843381058
-724.8348296207544
-724.8348158129733
-724.8348019575523
-724.8347880543768
-724.8347741032032
-724.8347601038822
-724.8347460562536
-724.8347319601709
-724.8347178154332
-724.8347036218644
-724.8346893792848
-724.8346750875371
-724.8346607464747
-724.8346463558735
-724.834631915588
-724.8346174254089
-724.8346028851923
-724.8345882947591
-724.8345736539226
-724.8345589625088
-724.8345442203178
-724.8345294271869
-724.834514582951
-724.8344996874049
-724.834484740369
-724.834469741645
-724.8344546910996
-724.8344395885035
-724.8344244337193
-724.8344092265074
-724.8343939666995
-724.8343786541177
-724.8343632885562
-724.8343478698673
-724.8343323978131
-724.834316872234
-724.8343012929357
-724.8342856597424
-724.8342699723985
-724.8342542300967
-724.8342384339971
-724.834222583202
-724.8342066768281
-724.8341907160811
-724.8341746993727
-724.8341586278966
-724.8341425000345
-724.8341263170338
-724.8341100772575
-724.8340937819277
-724.8340774294542
-724.8340610209988
-724.8340445549893
-724.8340280326213
-724.8340114522641
-724.8339948151694
-724.8339781196561
-724.8339613669963
-724.8339445555227
-724.8339276857654
-724.8339107574841
-724.8338937705338
-724.833876724614
-724.833859619581
-724.833842455205
-724.8338252312782
-724.8338079475767
-724.8337906039282
-724.8337732000653
-724.8337557357789
-724.8337382108949
-724.8337206251701
-724.8337029784002
-724.8336852703397
-724.8336675007859
-724.8336496695412
-724.833631776342
-724.8336138209906
-724.8335958032673
-724.8335777229714
-724.8335595798593
-724.8335413736894
-724.8335231042334
-724.8335047713194
-724.8334863746828
-724.8334679140755
-724.8334493892896
-724.8334308001237
-724.8334121463112
-724.8333934276416
-724.8333746438695
-724.8333557947692
-724.8333368800893
-724.8333178996237
-724.8332988531273
-724.8332797403503
-724.8332605610855
-724.8332413150808
-724.8332220020782
-724.8332026218452
-724.8331831741726
-724.8331636587925
-724.8331440754795
-724.8331244239528
-724.833104704019
-724.8330849153928
-724.8330650578564
-724.8330451311424
-724.8330251350133
-724.8330050692226
-724.8329849335156
-724.8329647276684
-724.8329444513718
-724.8329241044141
-724.8329036865489
-724.8328831974942
-724.8328626370255
-724.8328420048634
-724.8328213007629
-724.8328005244604
-724.8327796757052
-724.8327587542158
-724.8327377597891
-724.8327166920951
-724.8326955508927
-724.8326743359219
-724.8326530469479
-724.8326316836522
-724.8326102458014
-724.8325887331288
-724.8325671453517
-724.832545482213
-724.8325237434249
-724.8325019287364
-724.8324800378767
-724.8324580705465
-724.8324360264851
-724.8324139054336
-724.8323917070921
-724.8323694311897
-724.8323470774424
-724.8323246456129
-724.8323021353668
-724.8322795464303
-724.8322568785317
-724.8322341314073
-724.8322113047367
-724.8321883982791
-724.8321654116959
-724.8321423447321
-724.8321191970837
-724.832095968463
-724.8320726585847
-724.8320492671531
-724.8320257938724
-724.8320022384582
-724.8319786005992
-724.8319548800018
-724.8319310764069
-724.8319071894584
-724.8318832188751
-724.831859164378
-724.8318350256408
-724.8318108023708
-724.8317864942702
-724.8317621010069
-724.8317376223133
-724.8317130578524
-724.8316884073089
-724.8316636704219
-724.8316388467998
-724.8316139362091
-724.831588938301
-724.831563852758
-724.8315386792574
-724.8315134175167
-724.8314880672004
-724.8314626279338
-724.8314370994734
-724.8314114814773
-724.8313857736266
-724.831359975562
-724.8313340869964
-724.8313081075648
-724.8312820370045
-724.8312558749035
-724.8312296210062
-724.8312032749297
-724.8311768363753
-724.8311503049825
-724.8311236804121
-724.8310969623507
-724.8310701504721
-724.8310432443781
-724.8310162438005
-724.8309891483478
-724.830961957713
-724.8309346715154
-724.830907289441
-724.8308798111179
-724.830852236219
-724.8308245643863
-724.8307967952704
-724.8307689284949
-724.8307409637383
-724.8307129006344
-724.8306847388684
-724.8306564780074
-724.830628117734
-724.830599657687
-724.8305710974975
-724.8305424368125
-724.830513675269
-724.8304848124848
-724.8304558481119
-724.8304267817803
-724.8303976131015
-724.8303683417311
-724.8303389672949
-724.8303094893694
-724.8302799076355
-724.8302502217133
-724.830220431196
-724.830190535725
-724.8301605349266
-724.8301304284123
-724.8301002157389
-724.8300698966215
-724.8300396015895
-724.8300090688365
-724.8299784283957
-724.829947679939
-724.829916823022
-724.829885857295
-724.8298547823312
-724.8298235977657
-724.8297923031685
-724.829760898153
-724.8297293823066
-724.8296977552498
-724.8296660165664
-724.829634165845
-724.8296022026944
-724.8295701266852
-724.829537937437
-724.8295056344784
-724.8294732174878
-724.8294406859457
-724.8294080395353
-724.8293752777377
-724.829342400241
-724.8293094065408
-724.8292762962493
-724.8292430689554
-724.8292097241736
-724.8291762615376
-724.829142680597
-724.8291089809107
-724.8290751620588
-724.8290412236009
-724.8290071650957
-724.8289729861274
-724.8289386862625
-724.8289042650196
-724.8288697219871
-724.8288350566822
-724.828800268725
-724.8287653576206
-724.8287303229285
-724.8286951641913
-724.828659880969
-724.8286244728085
-724.828588939248
-724.8285532798355
-724.8285174940809
-724.828481581574
-724.8284455418164
-724.8284093743515
-724.8283730787053
-724.8283366544438
-724.828300101054
-724.8282634181026
-724.8282266050637
-724.8281896615
-724.8281525869597
-724.8281153808933
-724.8280780428543
-724.8280405723799
-724.8280029689695
-724.827965232118
-724.8279273613688
-724.8278893562343
-724.8278512161787
-724.8278129407388
-724.8277745294472
-724.8277359817585
-724.8276972971848
-724.8276584752192
-724.8276195153936
-724.827580417124
-724.8275411800252
-724.8275018034718
-724.8274622870581
-724.827422630177
-724.8273828323322
-724.8273428930579
-724.8273028117825
-724.8272625879881
-724.8272222211943
-724.8271817108604
-724.827141056433
-724.8271002574108
-724.8270593132331
-724.8270182234219
-724.8269769873767
-724.8269356045904
-724.8268940745478
-724.8268523966622
-724.8268105704212
-724.8267685952452
-724.8267264706723
-724.8266841960212
-724.8266417708327
-724.8265991945804
-724.8265564665978
-724.8265135864197
-724.8264705534393
-724.8264273671083
-724.8263840268938
-724.826340532191
-724.8262968824489
-724.8262530770727
-724.8262091154978
-724.826164997172
-724.826120721503
-724.8260762879065
-724.8260316957696
-724.8259869445922
-724.8259420337297
-724.8258969625923
-724.8258517306052
-724.8258063371541
-724.8257607816631
-724.8257150635372
-724.825669182155
-724.8256231369432
-724.8255769272572
-724.8255305525464
-724.8254840121465
-724.8254373054918
-724.825390431936
-724.8253433908618
-724.8252961816734
-724.8252488037188
-724.8252012564249
-724.8251535391057
-724.8251056511416
-724.8250575919601
-724.8250093608829
-724.8249609572397
-724.8249123804753
-724.8248636299061
-724.8248147048859
-724.8247656047315
-724.8247163288736
-724.8246668766275
-724.8246172473273
-724.8245674402882
-724.8245174549232
-724.8244672905435
-724.8244169464549
-724.8243664220535
-724.8243157166204
-724.8242648294851
-724.8242137600124
-724.8241625074456
-724.8241110711896
-724.8240594505844
-724.824007644817
-724.8239556533227
-724.8239034753763
-724.8238511102286
-724.8237985572775
-724.8237458157774
-724.8236928850356
-724.8236397643161
-724.8235864529594
-724.8235329502508
-724.8234792554407
-724.8234253678884
-724.8233712867813
-724.8233170114675
-724.823262541214
-724.8232078753235
-724.8231530129791
-724.8230979535425
-724.8230426961946
-724.8229872402778
-724.8229315850451
-724.822875729666
-724.8228196735411
-724.8227634157838
-724.8227069557271
-724.8226502925654
-724.8225934255454
-724.8225363539896
-724.822479077041
-724.8224215939556
-724.8223639039942
-724.822306006321
-724.822247900264
-724.822189584952
-724.8221310596605
-724.8220723235821
-724.8220133759116
-724.821954215915
-724.8218948427248
-724.8218352556474
-724.8217754537367
-724.8217154363103
-724.8216552025154
-724.8215947515644
-724.8215340826181
-724.8214731948495
-724.8214120875418
-724.8213507597502
-724.8212892106909
-724.8212274395777
-724.821165445506
-724.821103227698
-724.8210407852964
-724.8209781174454
-724.8209152233259
-724.8208521020753
-724.8207887528393
-724.8207251747789
-724.82066136705
-724.8205973287113
-724.8205330590191
-724.8204685569804
-724.8204038218261
-724.8203388526346
-724.8202736484994
-724.820208208599
-724.8201425320198
-724.8200766178611
-724.8200104652507
-724.8199440733024
-724.8198774410812
-724.8198105676723
-724.8197434522348
-724.8196760938333
-724.8196084915015
-724.8195406443712
-724.8194725515306
-724.8194042120305
-724.819335624953
-724.8192667893264
-724.8191977042885
-724.8191283688489
-724.8190587820844
-724.8189889430269
-724.8189188507405
-724.818848504272
-724.818777902653
-724.8187070449105
-724.8186359301427
-724.8185645573195
-724.8184929254815
-724.8184210336472
-724.8183488808065
-724.8182764660266
-724.8182037883032
-724.818130846604
-724.8180576400385
-724.8179841674936
-724.8179104279665
-724.8178364205127
-724.8177621441399
-724.8176875977136
-724.8176127802906
-724.8175376908337
-724.8174623283094
-724.8173866916917
-724.817310779967
-724.8172345920618
-724.8171581269014
-724.8170813835334
-724.8170043607888
-724.8169270576298
-724.816849473081
-724.8167716059437
-724.8166934552929
-724.8166150199343
-724.8165362988881
-724.8164572909624
-724.8163779951104
-724.8162984103042
-724.8162185353709
-724.8161383691635
-724.8160579107127
-724.8159771588091
-724.8158961123637
-724.8158147702715
-724.8157331313897
-724.8156511945856
-724.815568958736
-724.8154864226669
-724.815403585336
-724.8153204454679
-724.8152370019938
-724.8151532537247
-724.8150691995178
-724.8149848382246
-724.8149001686329
-724.8148151895444
-724.8147298998684
-724.8146442983503
-724.8145583838398
-724.814472155098
-724.8143856109167
-724.814298750173
-724.8142115716423
-724.814124074044
-724.8140362561462
-724.8139481168598
-724.8138596548051
-724.8137708688374
-724.8136817577215
-724.8135923201336
-724.8135025549118
-724.8134124607661
-724.8133220364168
-724.8132312806714
-724.8131401921449
-724.8130487696554
-724.8129570119513
-724.8128649176166
-724.812772485479
-724.8126797141963
-724.8125866024894
-724.8124931489947
-724.8123993524866
-724.8123052115753
-724.8122107249993
-724.8121158913863
-724.8120207094387
-724.8119251777846
-724.8118292950453
-724.8117330600201
-724.8116364711865
-724.8115395272824
-724.8114422268795
-724.81134456867
-724.8112465512052
-724.8111481732163
-724.8110494331669
-724.8109503298137
-724.8108508616608
-724.8107510273067
-724.8106508253446
-724.8105502543857
-724.8104493130351
-724.8103479997216
-724.8102463131775
-724.8101442519567
-724.8100418144361
-724.8099389993101
-724.8098358051261
-724.8097322303674
-724.8096282735755
-724.8095239332674
-724.8094192079667
-724.8093140962435
-724.8092085964723
-724.8091027072611
-724.8089964270688
-724.8088897543952
-724.8087826877103
-724.80867522545
-724.8085673661712
-724.8084591082614
-724.8083504501991
-724.8082413904174
-724.8081319274028
-724.808022059545
-724.8079117852892
-724.8078011030187
-724.8076900112335
-724.8075785082789
-724.8074665926005
-724.8073542625507
-724.8072415165532
-724.807128352962
-724.8070147701615
-724.8069007665778
-724.806786340485
-724.8066714902608
-724.8065562143327
-724.8064405109585
-724.8063243784991
-724.8062078152675
-724.8060908196353
-724.805973389804
-724.8058555242451
-724.8057372211439
-724.8056184787831
-724.805499295549
-724.8053796695934
-724.8052595993134
-724.8051390828583
-724.8050181185747
-724.8048967046747
-724.8047748394114
-724.8046525209975
-724.8045297476863
-724.804406517679
-724.8042828291783
-724.8041586804178
-724.8040340696227
-724.8039089949211
-724.8037834545263
-724.803657446544
-724.8035309692731
-724.8034040208158
-724.8032765992876
-724.8031487028538
-724.8030205150449
-724.8028916639483
-724.8027623322439
-724.8026325182183
-724.8025022198366
-724.8023714353195
-724.8022401626517
-724.8021083999315
-724.8019761453062
-724.801843396691
-724.8017101523131
-724.8015764101335
-724.8014421681954
-724.8013074244825
-724.8011721771014
-724.8010364240664
-724.800900163322
-724.800763392916
-724.8006261107765
-724.8004883149248
-724.8003500033149
-724.8002111739289
-724.8000718247723
-724.7999319537087
-724.7997915586772
-724.799650637669
-724.7995091884918
-724.799367209222
-724.7992246975816
-724.7990816515689
-724.7989380690537
-724.7987939478812
-724.798649285983
-724.7985040811686
-724.7983583312453
-724.7982120341021
-724.7980651875728
-724.79791778949
-724.7977698376035
-724.7976213296762
-724.797472263669
-724.7973226372093
-724.797172448137
-724.79702169422
-724.796870373154
-724.7967184827129
-724.7965660206289
-724.79641298468
-724.7962593725183
-724.796105181819
-724.7959504103371
-724.795795055714
-724.7956391157014
-724.7954825878395
-724.7953254699519
-724.7951677577176
-724.7950094524608
-724.7948505481875
-724.7946910460549
-724.7945309401488
-724.7943702315486
-724.7942089143278
-724.7940469896702
-724.7938844514149
-724.7937213008729
-724.7935575318375
-724.7933931456149
-724.793228135929
-724.7930625021315
-724.7928962417107
-724.7927293522938
-724.7925618311693
-724.7923936759366
-724.7922248840013
-724.7920554528105
-724.79188537969
-724.7917146622541
-724.7915432977568
-724.7913712836289
-724.7911986172606
-724.7910252960777
-724.790851317369
-724.7906766785276
-724.7905013769185
-724.7903254097603
-724.7901487744606
-724.789971468299
-724.7897934885436
-724.789614832509
-724.789435497465
-724.7892554806649
-724.7890747793502
-724.7888933906523
-724.7887113119332
-724.7885285403568
-724.7883450730944
-724.7881609073299
-724.7879760402686
-724.7877904690125
-724.7876041907583
-724.7874172026218
-724.7872295017089
-724.7870410850721
-724.7868519499156
-724.7866620932629
-724.7864715121577
-724.7862802037729
-724.7860881649203
-724.7858953929268
-724.7857018845415
-724.7855076369536
-724.7853126470106
-724.7851169117791
-724.7849204281932
-724.7847231931715
-724.7845252037483
-724.7843264566892
-724.7841269490207
-724.7839266775825
-724.783725639304
-724.783523831019
-724.7833212495877
-724.7831178917918
-724.7829137546081
-724.7827088346646
-724.7825031287819
-724.7822966338389
-724.7820893466217
-724.7818812636935
-724.7816723819983
-724.7814626980978
-724.7812522088328
-724.7810409108474
-724.7808288007385
-724.7806158752998
-724.7804021310194
-724.7801875646768
-724.779972172847
-724.7797559521613
-724.7795388990589
-724.7793210103198
-724.7791022823372
-724.7788827117091
-724.7786622950856
-724.7784410286955
-724.7782189093009
-724.7779961373328
-724.7777723017904
-724.7775476025593
-724.7773220359899
-724.7770955984878
-724.7768682866173
-724.7766400965075
-724.7764110247612
-724.7761810675067
-724.7759502211962
-724.7757184821536
-724.7754858466291
-724.7752523108576
-724.7750178712707
-724.7747825238861
-724.7745462651311
-724.774309091088
-724.7740709979787
-724.7738319820194
-724.7735920393529
-724.7733511660814
-724.7731093583795
-724.7728666123423
-724.7726229240327
-724.772378289517
-724.7721327049368
-724.7718861661106
-724.7716386692844
-724.7713902103488
-724.7711407852637
-724.7708903900225
-724.7706390205624
-724.770386672793
-724.7701333427481
-724.7698790260687
-724.7696237187923
-724.7693674166045
-724.7691101155751
-724.7688518113096
-724.7685924997044
-724.7683321764741
-724.7680708374045
-724.7678084781564
-724.7675450944713
-724.7672806820644
-724.767015236543
-724.7667487537066
-724.7664812290077
-724.7662126580749
-724.7659430365779
-724.7656723601224
-724.7654006241256
-724.7651278241092
-724.7648539557049
-724.7645790143006
-724.7643029953674
-724.7640258943571
-724.7637477067441
-724.7634684278488
-724.7631880529968
-724.7629065776566
-724.7626239970975
-724.7623403067118
-724.7620555017277
-724.7617695773441
-724.7614825288887
-724.7611943515666
-724.7609050406254
-724.7606145910878
-724.7603229983157
-724.7600302572076
-724.7597363630741
-724.7594413109279
-724.7591450957659
-724.7588477126675
-724.7585491566937
-724.7582494228104
-724.7579485059761
-724.7576464010098
-724.7573431030274
-724.7570386068866
-724.7567329073431
-724.7564259993405
-724.7561178776084
-724.7558085370565
-724.7554979723272
-724.7551861782617
-724.7548731495542
-724.7545588809234
-724.7542435845262
-724.7539268206889
-724.7536088007545
-724.753289519533
-724.7529689714152
-724.7526471509306
-724.7523240526994
-724.7519996711071
-724.7516740007013
-724.7513470357949
-724.7510187709197
-724.7506892004192
-724.750358318538
-724.7500261198397
-724.749692598386
-724.7493577485451
-724.7490215645453
-724.7486840406675
-724.7483451709645
-724.7480049497366
-724.7476633710407
-724.7473204289424
-724.7469761175942
-724.746630430986
-724.7462833631281
-724.7459349080635
-724.7455850597134
-724.7452338119421
-724.7448811587992
-724.7445270940402
-724.7441716115337
-724.7438147050528
-724.7434563683966
-724.7430965952304
-724.74273537951
-724.7423727146644
-724.7420085944253
-724.7416430125285
-724.7412759624681
-724.7409074377102
-724.7405374320119
-724.7401659386298
-724.7397929512132
-724.7394184630557
-724.7390424676173
-724.7386649582955
-724.7382859284486
-724.7379053713053
-724.7375232800113
-724.737139648042
-724.7367544685106
-724.7363677345681
-724.7359794393169
-724.7355895759034
-724.7351981373682
-724.7348051168083
-724.7344105070588
-724.7340143012692
-724.7336164921986
-724.7332170728448
-724.7328160360247
-724.7324133745686
-724.7320090812815
-724.7316031489028
-724.7311957991047
-724.730786567234
-724.7303756743635
-724.7299631128824
-724.7295488755357
-724.7291329548077
-724.7287153431071
-724.7282960329251
-724.7278750167419
-724.7274522868252
-724.7270278356099
-724.7266016552817
-724.7261737382813
-724.7257440765733
-724.7253126624436
-724.724879488173
-724.7244445457019
-724.7240078270228
-724.7235693243815
-724.7231290295526
-724.7226869346903
-724.7222430313712
-724.7217973117708
-724.7213497675009
-724.7209003904211
-724.7204491721615
-724.7199961045927
-724.7195411792131
-724.7190843877254
-724.7186257215898
-724.718165172302
-724.7177027314004
-724.71723839043
-724.7167721405842
-724.7163039733115
-724.7158338798453
-724.7153618514269
-724.714887879337
-724.7144119547369
-724.7139340686274
-724.7134542121387
-724.7129723763956
-724.712488552216
-724.7120027306748
-724.7115149025846
-724.7110250587815
-724.7105331899919
-724.7100392871105
-724.7095433406719
-724.7090453414802
-724.7085455191335
-724.7080433865833
-724.7075391728903
-724.707032868435
-724.7065244635958
-724.7060139486986
-724.7055013141717
-724.7049865500638
-724.7044696468753
-724.7039505944826
-724.7034293830432
-724.7029060025951
-724.7023804431217
-724.701852694606
-724.7013227469879
-724.7007905899799
-724.7002562134459
-724.6997196070193
-724.6991807603863
-724.6986396633298
-724.6980963050823
-724.6975506754555
-724.6970027638201
-724.6964525595125
-724.6959000518289
-724.6953452301132
-724.6947880836785
-724.6942286015009
-724.6936667728537
-724.6931025867055
-724.6925360320458
-724.6919670979278
-724.6913957730728
-724.6908220464001
-724.6902459065406
-724.6896673424318
-724.6890863423909
-724.68850289527
-724.687916989435
-724.6873286134323
-724.68673775559
-724.6861446469542
-724.6855487909351
-724.6849504178886
-724.6843495159336
-724.6837460732143
-724.6831400776375
-724.682531517238
-724.6819203797988
-724.6813066533051
-724.6806903253757
-724.6800713837005
-724.6794498158723
-724.6788256096155
-724.6781987522519
-724.6775692311825
-724.6769370338731
-724.6763021475173
-724.6756645595261
-724.6750242567211
-724.6743812262479
-724.6737354553978
-724.6730869306233
-724.6724356392641
-724.6717815678459
-724.6711247031427
-724.6704650317639
-724.6698025402043
-724.6691372151855
-724.6684690430521
-724.6677980099555
-724.6671241024779
-724.6664473065338
-724.6657676084367
-724.6650849941416
-724.664399704291
-724.6637112159556
-724.663019769184
-724.6623253496405
-724.6616279429237
-724.6609275346715
-724.6602241104513
-724.6595176555212
-724.6588081554705
-724.6580955951805
-724.6573799601526
-724.6566612353542
-724.6559394058376
-724.6552144565026
-724.6544863721317
-724.6537551375719
-724.6530207373808
-724.6522831563849
-724.651542378878
-724.65079838937
-724.6500511721388
-724.6493007113291
-724.6485469912884
-724.6477899961577
-724.6470297094912
-724.6462661156133
-724.645499198117
-724.6447289407363
-724.6439553270973
-724.6431783408119
-724.6423982219889
-724.64161444075
-724.6408272366336
-724.6400365929367
-724.639242492742
-724.6384449189603
-724.6376438544393
-724.6368392818987
-724.6360311839974
-724.635219543506
-724.6344043426242
-724.6335855638868
-724.6327631895381
-724.6319372016413
-724.6311075823753
-724.6302743137254
-724.6294373775588
-724.6285967555709
-724.6277524294587
-724.6269043806833
-724.6260525908468
-724.6251970411369
-724.6243377129134
-724.6234745871711
-724.6226076451068
-724.6217368674207
-724.620862494817
-724.6199839887217
-724.6191015891751
-724.6182152767107
-724.6173250314686
-724.6164308341097
-724.6155326632843
-724.6146305002344
-724.6137243249144
-724.6128141169944
-724.6118998562615
-724.6109815221702
-724.6100590941128
-724.6091325515807
-724.6082018735802
-724.6072670392801
-724.6063280277261
-724.6053848174774
-724.6044373873991
-724.6034857163129
-724.6025297823179
-724.601569563927
-724.6006050392948
-724.5996364535985
-724.5986632507148
-724.5976856757184
-724.596703705822
-724.5957173188202
-724.5947264921589
-724.5937312032078
-724.5927314292329
-724.5917271469208
-724.5907183333574
-724.589704965498
-724.5886870196696
-724.5876644726078
-724.5866373007485
-724.5856054799217
-724.5845689865183
-724.583527796344
-724.5824818854782
-724.5814312293063
-724.5803758032148
-724.5793155830563
-724.5782508125506
-724.5771809290686
-724.576106176412
-724.5750265292842
-724.5739419626699
-724.5728524508205
-724.571757968016
-724.5706584884235
-724.5695539863756
-724.5684444354974
-724.5673298094872
-724.5662100821014
-724.5650852266316
-724.5639552163389
-724.5628200242109
-724.5616796235923
-724.5605339867462
-724.5593830866428
-724.5582268955594
-724.557065650736
-724.555898794159
-724.554726563195
-724.5535489292397
-724.5523658643073
-724.5511773394987
-724.5499833264012
-724.548783795701
-724.5475787188701
-724.5463680663777
-724.5451518087267
-724.543929916671
-724.5427023601075
-724.5414691092336
-724.5402301338606
-724.5389854040509
-724.5377348888204
-724.5364788293554
-724.5352166511764
-724.5339485951101
-724.5326746299367
-724.5313947243972
-724.5301088467762
-724.528816965458
-724.5275190484017
-724.5262150632947
-724.5249049777963
-724.5235887596232
-724.5222663756115
-724.5209377932687
-724.5196029790401
-724.5182618998286
-724.5169145218852
-724.5155610876723
-724.5142010103198
-724.5128345325105
-724.5114616196861
-724.5100822373947
-724.50869635092
-724.5073039251155
-724.5059049249346
-724.5044993146238
-724.5030870590555
-724.5016681219819
-724.5002424673849
-724.4988100591966
-724.4973708607156
-724.4959248353663
-724.4944722231558
-724.4930124318698
-724.4915457016671
-724.4900719955994
-724.4885912754111
-724.4871035030324
-724.4856086402352
-724.4841066484967
-724.4825974889084
-724.4810811227103
-724.4795575105044
-724.4780266124758
-724.476488389354
-724.4749428009256
-724.4733900821134
-724.4718296409488
-724.4702617129906
-724.4686862574441
-724.4671032328223
-724.4655125979973
-724.4639143109569
-724.4623083299515
-724.4606946127222
-724.459073116632
-724.4574437991098
-724.4558066169892
-724.4541615270437
-724.4525087555786
-724.4508477176728
-724.449178640502
-724.4475014797692
-724.4458161907675
-724.4441227287101
-724.4424210484544
-724.44071110451
-724.4389928512687
-724.4372662427196
-724.4355312323265
-724.4337877740238
-724.4320361059862
-724.4302756084518
-724.428506521246
-724.4267287965782
-724.4249423866573
-724.4231472431462
-724.4213433174859
-724.4195305605274
-724.417708923414
-724.4158783566452
-724.4140388102613
-724.4121902342098
-724.4103328534499
-724.4084660643246
-724.4065900932599
-724.4047048889869
-724.4028103998078
-724.4009065740913
-724.3989933589239
-724.3970707023911
-724.3951385509552
-724.3931968517825
-724.3912455511755
-724.3892848569697
-724.3873141886323
-724.385333756126
-724.3833435041596
-724.3813433778312
-724.379333321783
-724.3773132794939
-724.3752831949986
-724.373243012086
-724.3711926728233
-724.3691323936984
-724.3670615674246
-724.364980412219
-724.3628888696759
-724.360786881205
-724.3586743874566
-724.3565513293485
-724.3544176465264
-724.3522732790847
-724.3501181664999
-724.3479525321326
-724.3457757418809
-724.3435880224249
-724.3413893116543
-724.3391795469967
-724.3369586656731
-724.3347266044194
-724.3324832996408
-724.3302286874593
-724.3279627035098
-724.3256855472628
-724.3233966202793
-724.3210961257109
-724.3187839975633
-724.3164601690968
-724.3141245740999
-724.3117771447936
-724.3094178137616
-724.3070465131334
-724.3046634478864
-724.3022679966926
-724.2998603689958
-724.2974404949181
-724.2950083041883
-724.2925637265313
-724.2901066905206
-724.2876371250052
-724.2851549578687
-724.2826603664131
-724.2801527735021
-724.2776323605287
-724.2750990535409
-724.2725527790199
-724.269993461948
-724.267421027203
-724.2648353996806
-724.262236758795
-724.2596245105917
-724.2569988397237
-724.2543596690102
-724.2517069205799
-724.2490405162642
-724.2463603770369
-724.2436664237555
-724.2409588395049
-724.2382370112832
-724.2355011284437
-724.232751109247
-724.22998687246
-724.2272083357271
-724.2244154165755
-724.2216080314001
-724.2187863660822
-724.2159497901939
-724.2130984957773
-724.2102323976633
-724.2073514109196
-724.2044554484152
-724.2015444242868
-724.1986182510944
-724.1956770798619
-724.1927203366527
-724.1897481795446
-724.1867605196045
-724.1837572672159
-724.1807383319054
-724.1777036229583
-724.1746532925513
-724.1715867530986
-724.1685041645243
-724.1654054341524
-724.1622904690392
-724.159159174925
-724.1560114579494
-724.1528474710846
-724.1496666127929
-724.1464690453242
-724.1432546723537
-724.1400233976811
-724.1367751235025
-724.1335097520807
-724.130227437993
-724.1269275656181
-724.1236102994328
-724.1202755403004
-724.116923187582
-724.1135531413961
-724.1101653004532
-724.1067597810228
-724.1033360341041
-724.0998941864951
-724.0964341352362
-724.092955777158
-724.0894590091667
-724.0859439486081
-724.0824100352206
-724.078857398214
-724.0752859329853
-724.0716955338726
-724.0680860952943
-724.0644577366572
-724.0608098868911
-724.0571426780261
-724.0534560037905
-724.0497497570534
-724.0460238305403
-724.042278347495
-724.0385127233761
-724.034727096884
-724.0309213592909
-724.0270954028705
-724.0232491198045
-724.019382637874
-724.0154953602388
-724.011587431975
-724.0076587443275
-724.0037091897145
-723.9997386609282
-723.9957472910892
-723.9917344726792
-723.9877003575043
-723.983644839096
-723.9795678113313
-723.9754691681671
-723.9713490065595
-723.9672068005634
-723.9630426644995
-723.9588564947418
-723.9546481884151
-723.9504178508674
-723.9461649483289
-723.9418896049095
-723.9375917215732
-723.9332712000827
-723.9289281567445
-723.9245620495896
-723.9201730163237
-723.9157609639278
-723.9113258004602
-723.906867656382
-723.9023859823486
-723.8978809323356
-723.8933524218324
-723.8888003680817
-723.884224918153
-723.8796255170491
-723.8750023382502
-723.8703553078881
-723.8656843564291
-723.8609896519899
-723.8562706337875
-723.851527499308
-723.8467601903074
-723.841968651155
-723.8371530767486
-723.8323129031685
-723.8274483561538
-723.8225593963501
-723.8176459876894
-723.8127082945007
-723.8077458801945
-723.8027589378207
-723.7977474511692
-723.7927116157086
-723.787650990641
-723.7825658038487
-723.7774560608505
-723.7723219892274
-723.7671631548204
-723.7619798193314
-723.756772017795
-723.7515400068866
-723.7462833659839
-723.7410023957782
-723.735697158114
-723.7303679548625
-723.7250143771372
-723.7196367679653
-723.7142352239888
-723.70881009287
-723.7033609819026
-723.6978882827249
-723.6923921311927
-723.6868729250909
-723.6813302936305
-723.6757646814366
-723.6701762681301
-723.6645655081543
-723.6589320557677
-723.6532764140351
-723.6475988136556
-723.6418997679302
-723.6361789633105
-723.6304369673403
-723.6246740637371
-723.6188908334105
-723.6130869987599
-723.6072631964638
-723.6014197706361
-723.595557372123
-723.589675767159
-723.5837756664849
-723.5778574782832
-723.5719218494035
-723.5659687631932
-723.5599989194345
-723.554013023939
-723.5480111001775
-723.5419939101057
-723.5359622193836
-723.5299160970342
-723.5238563198975
-723.5177837606755
-723.5116985384267
-723.5056015396848
-723.4994936550257
-723.4933750334096
-723.4872466669622
-723.4811094691328
-723.474963682761
-723.4688103236216
-723.462650410715
-723.456484221288
-723.4503128352421
-723.4441373342307
-723.4379580517893
-723.4317761303661
-723.42559271435
-723.4194081930095
-723.4132237689839
-723.4070406466436
-723.4008592705553
-723.3946809007352
-723.3885067982802
-723.3823374615179
-723.3761742045732
-723.3700183386035
-723.3638704147849
-723.3577317948067
-723.3516038367992
-723.3454871386895
-723.3393831047586
-723.3332931297334
-723.3272178583205
-723.3211587270066
-723.3151171618974
-723.3090938444666
-723.3030902358524
-723.2971077840328
-723.2911472014513
-723.2852099633174
-723.279297528365
-723.273410632408
-723.2675507532692
-723.2617193486145
-723.2559171687711
-723.250145681169
-723.2444063310173
-723.2386998710417
-723.233027747716
-723.2273913780584
-723.2217915077235
-723.2162295469318
-723.210706872855
-723.2052242109764
-723.1997829222275
-723.1943843293577
-723.1890291251589
-723.1837186062926
-723.1784540918117
-723.1732360992314
-723.1680659150393
-723.162944531299
-723.1578731501485
-723.1528522211695
-723.1478829022266
-723.1429660704092
-723.1381027893805
-723.133293420844
-723.1285389735381
-723.1238401896844
-723.1191979758479
-723.1146125887369
-723.110084870886
-723.1056154136724
-723.101204952061
-723.0968536243801
-723.0925620931256
-723.088330789089
-723.0841602660302
-723.0800505318458
-723.0760020645723
-723.0720151247249
-723.0680901024637
-723.0642268305983
-723.0604256043135
-723.0566865522671
-723.053009690515
-723.0493952259637
-723.0458427643277
-723.0423524410899
-723.0389241062528
-723.0355576514488
-723.0322529844033
-723.0290096420996
-723.0258274628798
-723.0227061943608
-723.0196454581177
-723.0166450746701
-723.0137043126163
-723.0108229360974
-723.0080004261134
-723.0052363627849
-723.0025301672134
-722.9998814741848
-722.9972894216957
-722.9947535542052
-722.9922732546177
-722.9898478840216
-722.9874767833479
-722.9851592737987
-722.9828947778896
-722.9806823396924
-722.97852135533
-722.9764110822148
-722.9743507653432
-722.972339636907
-722.970376919619
-722.9684618260786
-722.9665936715508
-722.9647714247178
-722.9629943934053
-722.9612617623744
-722.9595727179408
-722.9579264249377
-722.9563220690643
-722.9547588107771
-722.9532358315774
-722.9517521176466
-722.9503075384437
-722.948900390152
-722.9475301943677
-722.9461961228411
-722.9448973485322
-722.9436330457071
-722.9424023907229
-722.9412045609215
-722.9400387344274
-722.9389040967891
-722.9377998250199
-722.9367251041215
-722.9356791164771
-722.9346610422676
-722.933670061939
-722.9327053531485
-722.9317660475587
-722.9308514226169
-722.931650531709
-722.9326323127459
-722.9336428636593
-722.9346831952852
-722.9357544294626
-722.936857624053
-722.9379936629156
-722.9391636927379
-722.9403688772687
-722.9416100514934
-722.9428885371924
-722.9442051534769
-722.9455612703936
-722.9469576925208
-722.9483958474286
-722.9498765774047
-722.951401292449
-722.9529708200579
-722.9545865997376
-722.9562495183243
-722.957961030534
-722.9597221726265
-722.961534129381
-722.9633980911772
-722.96531525891
-722.9672868209497
-722.9693139994615
-722.9713979729445
-722.9735399706653
-722.9757411801498
-722.9780028112903
-722.9803260511499
-722.982712120491
-722.9851619990762
-722.9876773966006
-722.9902589647278
-722.9929080262232
-722.995625693381
-722.9984131573286
-723.0012714553483
-723.0042016534823
-723.0072048722851
-723.0102821150558
-723.0134343862551
-723.0166626600038
-723.0199678780556
-723.0233505148277
-723.0268126769798
-723.0303540200057
-723.0339757066637
-723.0376784841884
-723.0414629769817
-723.0453299852933
-723.0492800412344
-723.0533136962613
-723.0574313673725
-723.0616336539651
-723.0659190566142
-723.0702933254742
-723.0747511938165
-723.0792948870035
-723.0839244314337
-723.0886399234427
-723.0934412279186
-723.0983285513713
-723.1033016492296
-723.1083603293313
-723.1135041850803
-723.1187331942779
-723.1240468180858
-723.1294444562224
-723.1349258568068
-723.1404902927409
-723.1461369443192
-723.1518653963066
-723.1576747034733
-723.1635638410138
-723.1695322314528
-723.1755787326459
-723.18170209803
-723.1879016369202
-723.1941759936508
-723.2005237414186
-723.2069440477796
-723.2134354088302
-723.2199962076819
-723.226625506013
-723.2333216496488
-723.2400828580655
-723.2469080960362
-723.2537956340876
-723.2607434945777
-723.2677506315789
-723.2748151121377
-723.2819349381896
-723.2891089962142
-723.2963352609779
-723.3036116472568
-723.3109370245086
-723.3183093021007
-723.3257263274488
-723.3331824727945
-723.3406887011924
-723.3482301373564
-723.3558093543801
-723.3634250221075
-723.3710741100448
-723.3787563555302
-723.386468801486
-723.3942100304472
-723.4019782478545
-723.4097721126569
-723.4175886278704
-723.4254276372598
-723.4332863048843
-723.44116316321
-723.4490566693503
-723.4569654364786
-723.4648867014175
-723.4728203471191
-723.4807637217459
-723.4887154287898
-723.4966741729138
-723.5046386137868
-723.512606119381
-723.5205768503552
-723.5285482473286
-723.5365191430641
-723.5444883467303
-723.55245476964
-723.5604159638034
-723.5683722015041
-723.5763211509055
-723.5842617830148
-723.5921931608182
-723.600114319823
-723.6080230885988
-723.6159198324843
-723.6238025092314
-723.6316699857199
-723.6395219262538
-723.6473574424938
-723.6551745608708
-723.6629733755503
-723.670753080143
-723.6785117684576
-723.6862496680468
-723.6939660197758
-723.7016590654437
-723.7093290573775
-723.7169749191492
-723.7245960440025
-723.7321920075559
-723.7397619122372
-723.7473048686301
-723.7548210842115
-723.7623096868726
-723.7697697684922
-723.7772016273874
-723.7846044031094
-723.7919772919415
-723.7993206471461
-723.806633728111
-723.8139157916793
-723.8211672275687
-723.8283873660374
-723.8355755356542
-723.8427321638253
-723.849856649596
-723.8569483906048
-723.8640078467956
-723.8710344825549
-723.8780277607666
-723.884988167524
-723.8919152297835
-723.8988084683401
-723.9056683940873
-723.9124945888279
-723.9192866289787
-723.9260450446163
-723.9327694683532
-723.939459528169
-723.9461157676111
-723.952737868115
-723.9593255025346
-723.9658792271558
-723.9723987652
-723.9788838322261
-723.98533499276
-723.9917520086749
-723.9981346339181
-724.0044834386911
-724.0107982193862
-724.0170787648192
-724.0233256479644
-724.0295386972798
-724.0357177323581
-724.0418633262019
-724.0479753360114
-724.0540536092374
-724.0600987181964
-724.0661105442275
-724.0720889604457
-724.0780345352117
-724.0839471734992
-724.089826998785
-724.0956738286541
-724.1014883864127
-724.1072705256529
-724.11302038469
-724.1187377806717
-724.1244234785471
-724.1300773289091
-724.1356994803019
-724.1412898039188
-724.146848990724
-724.1523769407005
-724.1578738112355
-724.1633394936869
-724.16877466201
-724.1741792341478
-724.1795533736546
-724.184896988501
-724.1902107348935
-724.195494546366
-724.2007485900351
-724.2059727894502
-724.2111677818739
-724.2163335135161
-724.2214701538273
-724.2265776386221
-724.2316565872427
-724.2367069559117
-724.2417289154399
-724.2467224416804
-724.2516880750752
-724.2566258107104
-724.2615358197056
-724.2664180555341
-724.2712731029919
-724.2761009329151
-724.2809017146631
-724.2856754091163
-724.2904225835534
-724.2951432152533
-724.2998374700676
-724.3045053160134
-724.3091473028284
-724.313763413638
-724.3183538099621
-724.3229184640948
-724.3274579110652
-724.3319721350739
-724.3364612978861
-724.3409255603174
-724.3453648466956
-724.3497797714487
-724.3541702737248
-724.3585365116737
-724.3628786414122
-724.3671965920649
-724.371490956987
-724.3757616789779
-724.3800089107502
-724.3842328046277
-724.388433294009
-724.3926109506714
-724.3967657208298
-724.4008977523926
-724.4050071924833
-724.4090939783722
-724.4131586622335
-724.4172011914675
-724.4212217100737
-724.4252203596952
-724.4291970809642
-724.4331524065819
-724.4370862860625
-724.4409988581622
-724.4448902601198
-724.4487604342063
-724.4526098957938
-724.4564385952585
-724.4602466668821
-724.4640342430503
-724.4678012671186
-724.471548238553
-724.4752751081814
-724.4789820051253
-724.4826690579687
-724.4863362105353
-724.4899839472935
-724.4936122188426
-724.4972211502535
-724.500810865006
-724.5043814856825
-724.5079329205906
-724.5114657094348
-724.5149797676045
-724.5184752144839
-724.5219521684369
-724.525410747187
-724.5288508601758
-724.5322730287003
-724.5356771692057
-724.5390633961731
-724.5424318226113
-724.5457825610866
-724.5491155236731
-724.5524312123789
-724.5557295460904
-724.5590106337091
-724.5622745832194
-724.5655215025957
-724.5687513058674
-724.5719644778468
-724.5751609380736
-724.5783407909197
-724.5815041398241
-724.5846510883965
-724.5877815516728
-724.5908959988549
-724.5939943495858
-724.5970767047394
-724.6001431630259
-724.6031938229581
-724.6062286024267
-724.6092479536497
-724.6122517984683
-724.6152402327133
-724.6182133515169
-724.621171248581
-724.6241140185494
-724.627041548748
-724.6299543362351
-724.63285227341
-724.6357354515221
-724.6386039606597
-724.6414578907924
-724.6442973306777
-724.6471221720185
-724.6499328920694
-724.6527293858363
-724.6555117400723
-724.6582800406412
-724.6610343727486
-724.6637748212595
-724.6665012798073
-724.66921420902
-724.6719135052891
-724.6745992513153
-724.6772715289169
-724.6799304192755
-724.6825760031321
-724.6852081761192
-724.6878273826176
-724.6904335212599
-724.6930266703381
-724.6956069082156
-724.6981743115174
-724.700728957482
-724.7032709218203
-724.705800077283
-724.7083169026815
-724.710821272438
-724.7133132604458
-724.7157929410971
-724.7182603870656
-724.7207156709493
-724.7231588648643
-724.7255898444992
-724.7280090699156
-724.7304164186543
-724.7328119613551
-724.7351957670039
-724.7375679054526
-724.739928444969
-724.7422774537372
-724.7446148111138
-724.7469409587063
-724.7492557777769
-724.7515593344975
-724.753851694699
-724.756132924197
-724.7584030876147
-724.7606622496469
-724.7629104745369
-724.7651476212322
-724.7673741594888
-724.7695899501698
-724.771795056066
-724.773989538795
-724.7761734601542
-724.7783468808888
-724.78050986209
-724.7826624638782
-724.7848045496958
-724.7869365696324
-724.7890583887985
-724.7911700655068
-724.7932716587421
-724.7953632257537
-724.7974448241672
-724.7995165111897
-724.8015783433643
-724.8036303774527
-724.8056724598513
-724.8077050625419
-724.8097280339098
-724.8117414287293
-724.81374530126
-724.815739705664
-724.8177246958189
-724.819700324978
-724.8216666463289
-724.8236237125391
-724.8255713753977
-724.8275100861038
-724.8294396975161
-724.8313602611044
-724.8332718277369
-724.8351744479645
-724.8370681720343
-724.838953049957
-724.8408291314307
-724.842696465466
-724.8445551014087
-724.8464048767621
-724.8482462600186
-724.8500790898356
-724.8519034140679
-724.8537192801003
-724.855526734874
-724.8573258248065
-724.8591165969342
-724.8608990970871
-724.8626733709509
-724.8644394641545
-724.8661972208167
-724.8679470868626
-724.8696889072299
-724.8714227260286
-724.8731485873109
-724.8748665349316
-724.8765766124076
-724.8782788628054
-724.8799733289405
-724.8816600537424
-724.8833390794526
-724.8850104479959
-724.8866739921084
-724.8883301707177
-724.8899788167857
-724.89161997168
-724.8932536757626
-724.8948799695107
-724.8964988933134
-724.8981104870144
-724.8997147904533
-724.9013118428923
-724.9029016834389
-724.9044843510334
-724.9060598845888
-724.9076281069491
-724.9091894863797
-724.9107438462632
-724.9122912241216
-724.9138316577128
-724.9153651840927
-724.9168918399004
-724.9184116624772
-724.9199246879202
-724.9214309526778
-724.9229304926046
-724.9244233437576
-724.9259095415097
-724.9273891212993
-724.9288618987931
-724.9303283472417
-724.931788282614
-724.933241739176
-724.9346887514453
-724.9361293531745
-724.9375635784457
-724.9389914605183
-724.9404130330536
-724.9418283292254
-724.9432373819749
-724.9446402241406
-724.9460368881431
-724.9474274064696
-724.9488118112098
-724.9501899122582
-724.9515621849539
-724.9529284396339
-724.9542887073288
-724.9556430193479
-724.9569914064973
-724.9583338997232
-724.9596705296664
-724.9610013265161
-724.9623263206443
-724.9636455420014
-724.9649590204931
-724.9662667857547
-724.9675688671695
-724.9688652941192
-724.970156095563
-724.9714410779961
-724.9727207150256
-724.9739948131768
-724.9752634004129
-724.976526505236
-724.9777841557535
-724.9790363795548
-724.9802832045729
-724.9815246584365
-724.9827607680843
-724.9839915612919
-724.985217064595
-724.9864373051545
-724.9876523096581
-724.9888621045491
-724.9900667163904
-724.991266171116
-724.992460273133
-724.9936494920709
-724.994833631708
-724.9960127178877
-724.9971867757588
-724.9983558308394
-724.9995199083145
-725.0006790329558
-725.00183322983
-725.0029825234097
-725.0041269383826
-725.0052664989579
-725.0064012296924
-725.0075311544784
-725.0086562972252
-725.0097766818235
-725.010892331962
-725.0120032712562
-725.0131093033825
-725.0142108907222
-725.0153078371437
-725.0164001651592
-725.0174878978344
-725.0185710579796
-725.0196496678826
-725.0207237504217
-725.0217933274744
-725.0228584214319
-725.0239190543685
-725.0249752480188
-725.0260270242757
-725.0270744049195
-725.0281174113068
-725.0291560648631
-725.0301903868124
-725.0312203985262
-725.0322461208801
-725.0332675747535
-725.0342845544
-725.0352975339523
-725.0363063070087
-725.037310894207
-725.0383113156265
-725.039307591582
-725.0402997422248
-725.0412877872326
-725.0422717468155
-725.0432516404159
-725.0442274878793
-725.0451993085268
-725.0461671217395
-725.0471309469439
-725.0480908031808
-725.0490467068711
-725.0499986823194
-725.0509467455896
-725.0518909156291
-725.0528312107522
-725.0537676498797
-725.0547002511794
-725.0556288026872
-725.0565537834415
-725.0574749810953
-725.0583924135498
-725.0593060985801
-725.0602160542643
-725.0611222981498
-725.0620248477808
-725.0629237207053
-725.0638189343425
-725.0647105059386
-725.0655984527319
-725.0664827917545
-725.067363540213
-725.0682407146998
-725.0691143323152
-725.0699844095175
-725.0708509633724
-725.0717140099379
-725.072573565861
-725.0734296474682
-725.0742822711144
-725.0751314526899
-725.0759772085885
-725.0768195548028
-725.0776582676835
-725.0784938420557
-725.0793260542871
-725.0801549197481
-725.080980453333
-725.0818026712128
-725.0826215888214
-725.0834372215996
-725.0842495842388
-725.0850586924427
-725.0858645608532
-725.0866672047049
-725.0874666387575
-725.0882628777515
-725.089055936478
-725.0898458297103
-725.0906325718178
-725.0914161772218
-725.0921966605214
-725.0929740359658
-725.0937483177751
-725.0945195199467
-725.0952876569154
-725.0960527423672
-725.0968147905886
-725.0975738150657
-725.0983298299407
-725.099082848507
-725.0998326422646
-725.1005797100308
-725.1013238225597
-725.102064993153
-725.1028032350381
-725.1035385617047
-725.1042709861995
-725.1050005217177
-725.1057271811793
-725.1064509778107
-725.1071719244759
-725.1078900338084
-725.1086053189063
-725.1093177923783
-725.1100274667244
-725.1107343547228
-725.11143846873
-725.1121398213774
-725.1128384249356
-725.1135342917481
-725.1142274340135
-725.114917863969
-725.1156055937291
-725.1162906354539
-725.1169730008767
-725.1176527020916
-725.1183297511207
-725.1190041595129
-725.1196759392204
-725.1203451018529
-725.1210116589698
-725.1216756221511
-725.1223367553173
-725.1229955657097
-725.1236518167383
-725.1243055192897
-725.124956684948
-725.1256053248553
-725.1262514500844
-725.1268950718663
-725.1275362009861
-725.1281748487362
-725.128811025881
-725.1294447431941
-725.1300760114926
-725.1307048417566
-725.1313312444511
-725.1319552303238
-725.1325768098613
-725.1331959936548
-725.1338127922951
-725.1344272159546
-725.1350392752593
-725.1356489803185
-725.1362563416069
-725.1368613690054
-725.1374640731179
-725.1380644636149
-725.1386625508754
-725.13925834471
-725.1398518551067
-725.1404430920974
-725.1410320653525
-725.1416187848129
-725.1422032601012
-725.1427855010015
-725.1433655173744
-725.1439433184083
-725.1445189139125
-725.1450920617125
-725.1456632752021
-725.1462323115801
-725.1467991801685
-725.1473638901766
-725.1479264509438
-725.1484868716683
-725.1490451617449
-725.1496013300432
-725.1501553857007
-725.1507073378053
-725.1512571953599
-725.1518049673458
-725.1523506626069
-725.1528942900252
-725.1534358584395
-725.1539753764791
-725.1545128532346
-725.1550482970863
-725.1555817166686
-725.1561131207695
-725.1566425177824
-725.1571699163566
-725.1576953249777
-725.1582187519003
-725.15874020563
-725.1592596944965
-725.1597772269502
-725.1602928110362
-725.1608064551297
-725.1613181674093
-725.1618279559403
-725.1623358287776
-725.1628417942256
-725.1633458601499
-725.1638480346463
-725.1643483255216
-725.1648467406915
-725.1653432881158
-725.1658379756307
-725.1663308110783
-725.1668218020517
-725.1673109563772
-725.1677980296462
-725.1682835344767
-725.1687672255572
-725.1692491105138
-725.1697291967755
-725.1702074920222
-725.1706840036491
-725.1711587390525
-725.1716317056275
-725.172102910581
-725.1725723616379
-725.1730400656982
-725.1735060301687
-725.1739702622366
-725.1744327692307
-725.174893557942
-725.1753526358054
-725.1758100098715
-725.1762656869852
-725.1767196743626
-725.1771719788246
-725.1776226074994
-725.1780715671433
-725.1785188646892
-725.1789645069332
-725.1794085008288
-725.1798508530206
-725.1802915703212
-725.1807306593574
-725.1811681269021
-725.1816039795773
-725.1820382241135
-725.1824708669072
-725.1829019146732
-725.1833313738006
-725.1837592509352
-725.1841855525532
-725.1846102849526
-725.1850334546023
-725.1854550679767
-725.1858751311285
-725.18629365073
-725.1867106328846
-725.1871260839023
-725.1875400099362
-725.1879524173761
-725.1883633120673
-725.1887727005043
-725.1891805886117
-725.1895869824948
-725.189991888202
-725.1903953117768
-725.1907972592334
-725.1911974768174
-725.1915964906959
-725.1919940464456
-725.1923901496668
-725.1927848062943
-725.1931780222029
-725.1935698033483
-725.1939601553543
-725.1943490839751
-725.1947365949286
-725.1951226941055
-725.1955073869162
-725.1958906791425
-725.1962725764112
-725.1966530842792
-725.1970322083927
-725.1974099543689
-725.1977863274049
-725.1981613333916
-725.1985349774974
-725.1989072653348
-725.199278202224
-725.1996477937489
-725.2000160450397
-725.2003829615925
-725.2007485487087
-725.2011128116052
-725.2014757557146
-725.2018373861534
-725.2021977081563
-725.2025567269919
-725.2029144479137
-725.2032708759172
-725.2036260161475
-725.2039798737937
-725.2043324539889
-725.2046837615882
-725.2050338018902
-725.205382579784
-725.2057301002136
-725.2060763682393
-725.2064213887638
-725.2067651668432
-725.2071077071198
-725.2074490148003
-725.2077890944736
-725.2081279511676
-725.208465589675
-725.2088020146538
-725.2091372309818
-725.209471243427
-725.2098040567565
-725.2101356755533
-725.2104661046254
-725.2107953486006
-725.2111234121785
-725.2114502998759
-725.2117760164605
-725.2121005663706
-725.2124239542599
-725.2127461846403
-725.2130672620763
-725.2133871909869
-725.2137059760339
-725.214023621538
-725.2143401319911
-725.2146555118377
-725.2149697653986
-725.2152826314878
-725.2155946467312
-725.2159055488536
-725.2162153421233
-725.2165240310239
-725.2168316197142
-725.2171381124971
-725.2174435136735
-725.2177478274609
-725.2180510580437
-725.2183532096677
-725.2186542865812
-725.2189542927739
-725.2192532325149
-725.2195511099366
-725.2198479290148
-725.2201436940412
-725.2204384089017
-725.2207320778459
-725.2210247047327
-725.221316293696
-725.221606848719
-725.2218963737248
-725.2221848727792
-725.2224723497592
-725.2227588086525
-725.2230442533294
-725.2233286877081
-725.2236121156889
-725.2238945411268
-725.2241759677975
-725.2244563997582
-725.2247358405517
-725.2250142941723
-725.2252917642567
-725.2255682547723
-725.2258437692882
-725.2261183115995
-725.2263918854137
-725.2266644945115
-725.2269361424643
-725.2272068330981
-725.2274765699016
-725.227745356599
-725.2280131967675
-725.2282800940842
-725.2285460521521
-725.2288110744493
-725.2290751646725
-725.229338326248
-725.2296005627743
-725.2298618777668
-725.2301222747558
-725.2303817571186
-725.2306403284898
-725.2308979921893
-725.2311547516742
-725.2314106105317
-725.2316655720051
-725.2319196395363
-725.2321728165629
-725.2324251063347
-725.2326765123598
-725.2329270380034
-725.2331766863743
-725.2334254609306
-725.2336733651149
-725.2339204019204
-725.234166574768
-725.2344118870104
-725.2346563417389
-725.2348999422504
-725.2351426917983
-725.2353845935248
-725.2356256506617
-725.2358658663421
-725.2361052437793
-725.236343786128
-725.2365814965883
-725.2368183780357
-725.2370544339051
-725.2372896670455
-725.2375240806981
-725.237757677857
-725.2379904615633
-725.2382224349893
-725.2384536010973
-725.2386839628756
-725.2389135233668
-725.239142285546
-725.2393702524645
-725.2395974270621
-725.2398238121858
-725.2400494109969
-725.2402739557582
-725.240497991429
-725.2407212493828
-725.2409437326517
-725.241165444006
-725.241386386359
-725.2416065626567
-725.2418259756266
-725.2420446281941
-725.2422625231238
-725.24247966331
-725.2426960514804
-725.2429116904837
-725.2431265831405
-725.2433407320192
-725.2435541401129
-725.243766810117
-725.2439787446928
-725.2441899466033
-725.2444004185726
-725.2446101633387
-725.2448191835284
-725.2450274818484
-725.245235060983
-725.2454419235137
-725.2456480722313
-725.2458535096815
-725.2460582384954
-725.2462622613438
-725.2464655807196
-725.2466681993304
-725.2468701197156
-725.2470713444001
-725.2472718760897
-725.2474717171874
-725.2476708703687
-725.2478693380297
-725.2480671227332
-725.2482642270611
-725.24846065344
-725.248656404472
-725.2488514824812
-725.2490458899954
-725.249239629546
-725.2494327035338
-725.2496251143746
-725.2498168646113
-725.2500079564674
-725.2501983925224
-725.2503881751677
-725.2505773066854
-725.2507657895584
-725.2509536261167
-725.2511408187074
-725.2513273697949
-725.2515132816275
-725.2516985565247
-725.2518831968401
-725.2520672048964
-725.252250583093
-725.2524333335493
-725.2526154586341
-725.2527969606504
-725.2529778419204
-725.2531581045789
-725.253337750947
-725.2535167832932
-725.2536952037972
-725.2538730146965
-725.2540502182446
-725.2542268166225
-725.2544028120107
-725.2545782066899
-725.2547530027148
-725.2549272023123
-725.2551008077123
-725.2552738209976
-725.2554462443129
-725.2556180797787
-725.2557893296432
-725.2559599958764
-725.2561300807329
-725.2562995862193
-725.2564685144316
-725.2566368675157
-725.2568046475193
-725.2569718564928
-725.2571384965214
-725.2573045697392
-725.2574700780397
-725.2576350236184
-725.2577994083971
-725.2579632344199
-725.2581265037394
-725.2582892183977
-725.2584513802315
-725.2586129913975
-725.2587740538312
-725.2589345694973
-725.2590945403684
-725.2592539683409
-725.2594128554973
-725.2595712036823
-725.2597290148997
-725.2598862910406
-725.2600430339717
-725.2601992458153
-725.2603549281679
-725.2605100831597
-725.2606647126713
-725.2608188184803
-725.2609724025731
-725.2611254667324
-725.2612780128642
-725.2614300428448
-725.2615815584548
-725.2617325615724
-725.2618830540986
-725.2620330377413
-725.2621825143539
-725.2623314858675
-725.2624799538956
-725.2626279204127
-725.2627753871226
-725.2629223558037
-725.2630688282869
-725.2632148062828
-725.2633602915587
-725.2635052859603
-725.2636497911569
-725.2637938088532
-725.2639373408978
-725.2640803889658
-725.2642229547948
-725.2643650399974
-725.2645066464843
-725.2646477758265
-725.2647884297157
-725.2649286098952
-725.2650683180104
-725.2652075557936
-725.2653463248668
-725.2654846268618
-725.2656224635311
-725.26575983649
-725.2658967473383
-725.2660331977568
-725.266169189359
-725.2663047238142
-725.2664398026808
-725.2665744276612
-725.2667086002715
-725.2668423220973
-725.2669753214676
-725.267108147634
-725.2672405278169
-725.267372463596
-725.2675039565738
-725.2676350082398
-725.267765620332
-725.2678957942055
-725.2680255315166
-725.2681548338371
-725.2682837025585
-725.268412139342
-725.2685401456432
-725.2686677230104
-725.2687948730013
-725.2689215971111
-725.2690478967
-725.2691737733937
-725.2692992286547
-725.2694242640198
-725.2695488808963
-725.2696730807698
-725.2697968651107
-725.269920235347
-725.2700431930493
-725.2701657395776
-725.2702878763557
-725.2704096048784
-725.2705309265511
-725.2706518428472
-725.2707723551456
-725.2708924648698
-725.2710121734588
-725.2711314822391
-725.2712503927319
-725.2713689062317
-725.27148702422
-725.2716047479778
-725.2717220789484
-725.2718390185864
-725.271955568119
-725.2720717289744
-725.2721875025339
-725.2723028901025
-725.2724178930331
-725.2725325127166
-725.2726467504925
-725.2727606076849
-725.2728740856102
-725.2729871855915
-725.2730999089055
-725.2732122569669
-725.2733242310214
-725.2734358324074
-725.2735470624101
-725.2736579223141
-725.2737684133499
-725.273878536933
-725.273988294279
-725.274097686655
-725.2742067153725
-725.2743153816702
-725.2744236867137
-725.2745316319673
-725.2746392185011
-725.2747464476839
-725.2748533206822
-725.2749598387536
-725.275066003162
-725.2751718150746
-725.2752772758153
-725.2753823865178
-725.2754871484182
-725.2755915627223
-725.2756956306976
-725.2757993534693
-725.2759027322446
-725.2760057682644
-725.2761084626594
-725.2762108166775
-725.2763128314729
-725.2764145081775
-725.2765158479797
-725.2766168520599
-725.2767175216765
-725.276817857847
-725.2769178617827
-725.2770175345809
-725.2771168774711
-725.277215891518
-725.2773145779737
-725.2774129377956
-725.2775109723111
-725.2776086824673
-725.2777060694935
-725.2778031344576
-725.2778998785062
-725.277996302728
-725.2780924082596
-725.2781881961165
-725.2782836674696
-725.2783788233888
-725.2784736649585
-725.278568193262
-725.2786624093677
-725.2787563144099
-725.2788499093926
-725.2789431954079
-725.2790361735086
-725.2791288447748
-725.2792212174834
-725.2793132782584
-725.2794050352845
-725.2794964897482
-725.2795876425782
-725.2796784948212
-725.2797690475699
-725.2798593017524
-725.27994925856
-725.2800389188641
-725.2801282837153
-725.2802173541454
-725.280306131236
-725.2803946158443
-725.2804828090904
-725.2805707119471
-725.2806583253437
-725.2807456503705
-725.2808326879663
-725.2809194391202
-725.281005904823
-725.2810920860684
-725.2811779837637
-725.2812635989902
-725.2813489326294
-725.2814339856511
-725.2815187590329
-725.2816032537396
-725.2816874707487
-725.2817714109095
-725.2818550752938
-725.2819384647703
-725.2820215803067
-725.2821044227821
-725.28218699321
-725.2822692924906
-725.2823513215363
-725.2824330812643
-725.2825145726082
-725.2825957965335
-725.2826767538415
-725.2827574455514
-725.282837872509
-725.2829180356086
-725.2829979357849
-725.2830775739039
-725.2831569509152
-725.2832360676375
-725.2833149250263
-725.2833935238781
-725.2834718651269
-725.2835499496575
-725.2836277783338
-725.2837053520552
-725.2837826715953
-725.2838597379372
-725.2839365518624
-725.2840131142434
-725.2840894259274
-725.284165487875
-725.284241300791
-725.2843168655348
-725.2843921830607
-725.2844672540886
-725.2845420794958
-725.2846166601796
-725.2846909968832
-725.284765090435
-725.2848389417599
-725.284912551581
-725.2849859207283
-725.2850590501189
-725.2851319393204
-725.2852045914209
-725.285277005038
-725.285349183187
-725.2854211243863
-725.2854928316973
-725.2855643037517
-725.2856355434482
-725.285706549451
-725.2857773247162
-725.2858478678642
-725.2859181817747
-725.2859882651672
-725.2860581209255
-725.286127747677
-725.2861971482806
-725.2862663215204
-725.2863352690864
-725.2864039917974
-725.2864724904327
-725.2865407657158
-725.2866088183514
-725.2866766491892
-725.2867442589054
-725.2868116482967
-725.286878818055
-725.2869457689815
-725.287012501757
-725.2870790171726
-725.2871453159212
-725.2872113987353
-725.2872772663546
-725.2873429194701
-725.2874083588684
-725.2874735852135
-725.2875385992635
-725.2876034017344
-725.2876679932965
-725.2877323747008
-725.2877965465918
-725.2878605097469
-725.2879242648405
-725.2879878125838
-725.2880511536654
-725.2881142887586
-725.2881772186333
-725.2882399438477
-725.288302465208
-725.288364783326
-725.2884268989476
-725.288488812718
-725.2885505253216
-725.2886120374084
-725.2886733496779
-725.2887344628031
-725.2887953774344
-725.2888560942401
-725.2889166139448
-725.2889769371453
-725.2890370644825
-725.2890969966408
-725.2891567342997
-725.2892162780788
-725.2892756286448
-725.2893347866464
-725.2893937527217
-725.2894525275101
-725.2895111116716
-725.2895695058173
-725.2896277106098
-725.289685726649
-725.2897435545793
-725.2898011950673
-725.2898586486757
-725.2899159160928
-725.2899729979202
-725.2900298947528
-725.2900866072301
-725.2901431359787
-725.290199481603
-725.2902556447281
-725.2903116259115
-725.2903674258196
-725.2904230450379
-725.2904784841961
-725.2905337438307
-725.2905888246099
-725.2906437270863
-725.2906984518679
-725.2907529995472
-725.2908073707196
-725.2908615660062
-725.2909155859124
-725.2909694310854
-725.2910231021215
-725.2910765995308
-725.2911299239303
-725.2911830759496
-725.2912360560795
-725.2912888649441
-725.291341503116
-725.2913939711208
-725.2914462695392
-725.2914983989822
-725.2915503599427
-725.2916021530359
-725.2916537787991
-725.2917052378036
-725.2917565305723
-725.2918076576979
-725.2918586197034
-725.2919094171708
-725.2919600505669
-725.2920105205453
-725.2920608275801
-725.2921109722386
-725.2921609550385
-725.2922107765286
-725.2922604372809
-725.2923099377875
-725.2923592785642
-725.2924084601812
-725.2924574831634
-725.2925063480138
-725.2925550552629
-725.2926036054521
-725.2926519991132
-725.2927002367317
-725.2927483188399
-725.2927962459377
-725.2928440185605
-725.2928916372282
-725.2929391024192
-725.2929864146715
-725.2930335745033
-725.2930805823696
-725.2931274387973
-725.2931741443165
-725.293220699403
-725.2932671045244
-725.2933133602311
-725.2933594670114
-725.293405425319
-725.2934512356626
-725.2934968985812
-725.2935424144848
-725.2935877839093
-725.2936330073218
-725.2936780852128
-725.2937230180415
-725.2937678063016
-725.2938124505104
-725.2938569511166
-725.2939013085387
-725.2939455233417
-725.2939895959366
-725.294033526822
-725.2940773164422
-725.2941209653039
-725.2941644737984
-725.2942078424949
-725.2942510717558
-725.2942941620948
-725.29433711394
-725.294379927781
-725.2944226040877
-725.2944651432218
-725.294507545757
-725.2945498120654
-725.2945919426164
-725.2946339378495
-725.2946757982432
-725.2947175242031
-725.2947591161965
-725.2948005746644
-725.2948419000072
-725.2948830927328
-725.2949241532297
-725.2949650819468
-725.2950058792752
-725.2950465457624
-725.2950870817403
-725.295127487649
-725.2951677639479
-725.2952079110289
-725.2952479293579
-725.2952878193394
-725.2953275813677
-725.2953672159166
-725.2954067233479
-725.295446104132
-725.2954853586784
-725.2955244873758
-725.2955634906489
-725.2956023689165
-725.2956411225936
-725.2956797520425
-725.2957182577264
-725.2957566400422
-725.2957948994215
-725.2958330362185
-725.2958710508213
-725.2959089436853
-725.2959467151694
-725.295984365714
-725.2960218956988
-725.2960593054896
-725.2960965955133
-725.2961337661696
-725.2961708178217
-725.2962077508533
-725.2962445657081
-725.2962812627326
-725.2963178423125
-725.2963543048304
-725.2963906507144
-725.2964268802949
-725.2964629939635
-725.2964989921006
-725.2965348751162
-725.2965706433557
-725.2966062971913
-725.2966418370349
-725.2966772632324
-725.2967125761368
-725.2967477761493
-725.2967828636247
-725.2968178389522
-725.2968527024782
-725.2968874545866
-725.2969220956112
-725.2969566259699
-725.2969910459673
-725.2970253559675
-725.2970595563669
-725.2970936475325
-725.2971276297685
-725.2971615034735
-725.2971952689763
-725.2972289266494
-725.2972624768164
-725.2972959198768
-725.2973292561616
-725.2973624859885
-725.29739560977
-725.2974286277604
-725.2974615403754
-725.2974943479526
-725.2975270508396
-725.29755964932
-725.2975921438094
-725.2976245346093
-725.2976568220632
-725.2976890065204
-725.2977208573349
-725.2977528375465
-725.2977847157433
-725.2978164922722
-725.2978481674754
-725.2978797416798
-725.2979112151863
-725.2979425883398
-725.2979738614654
-725.298005034876
-725.2980361089575
-725.2980670839474
-725.2980979602457
-725.2981287381135
-725.2981594179024
-725.2981899999377
-725.2982204845263
-725.2982508719792
-725.2982811626149
-725.2983113567593
-725.2983414547258
-725.2983714568353
-725.2984013633748
-725.2984311746698
-725.2984608910353
-725.2984905127469
-725.2985200401782
-725.2985494735618
-725.2985788132715
-725.298608059581
-725.2986372127573
-725.2986662731843
-725.2986952410937
-725.298724116813
-725.298752900656
-725.2987815928781
-725.2988101938273
-725.2988387037652
-725.2988671230165
-725.2988954518552
-725.2989236905535
-725.2989518394496
-725.2989798988351
-725.2990078689687
-725.2990357501451
-725.2990635426771
-725.2990912468204
-725.2991188629023
-725.2991463911811
-725.2991738319217
-725.2992011854201
-725.2992284520298
-725.2992556319588
-725.2992827254797
-725.2993097329263
-725.2993366545513
-725.2993634906002
-725.2993902413933
-725.2994169071953
-725.2994434882966
-725.2994699849553
-725.2994963974443
-725.2995227260362
-725.2995489710086
-725.2995751326359
-725.2996012111581
-725.2996272069344
-725.299653120112
-725.2996789510273
-725.2997046999188
-725.299730367089
-725.2997559527851
-725.2997814572719
-725.2998068807719
-725.2998322236285
-725.2998574860248
-725.2998826682607
-725.2999077705815
-725.2999327932934
-725.2999577365948
-725.2999826007479
-725.3000073860204
-725.300032092685
-725.300056720976
-725.3000812711574
-725.3001057434841
-725.3001301381843
-725.3001544555492
-725.3001786957841
-725.3002028591661
-725.3002269459366
-725.3002509563362
-725.3002748906148
-725.300298749051
-725.3003225318645
-725.3003462392636
-725.3003698715507
-725.300393428948
-725.3004169116795
-725.3004403199898
-725.300463654142
-725.3004869143634
-725.3005101008807
-725.3005332139729
-725.3005562538387
-725.3005792207174
-725.300602114881
-725.3006249364798
-725.3006476858349
-725.3006703631239
-725.3006929686204
-725.3007155025388
-725.3007379651266
-725.3007603565744
-725.3007826771329
-725.3008049270551
-725.3008271065277
-725.3008492157942
-725.3008712550923
-725.3008932246299
-725.3009151246366
-725.3009369553821
-725.3009587169998
-725.3009804097729
-725.3010020339084
-725.3010235896433
-725.301045077197
-725.3010664967629
-725.3010878485767
-725.3011091328374
-725.3011303497882
-725.3011514996434
-725.3011725826155
-725.301193598926
-725.3012145487681
-725.3012354323686
-725.3012562499349
-725.3012770017011
-725.3012976878738
-725.3013183086474
-725.3013388641984
-725.301359354819
-725.3013797806743
-725.3014001419737
-725.3014204389344
-725.3014406717379
-725.301460840586
-725.3014809457485
-725.3015009873712
-725.3015209656892
-725.301540880866
-725.3015607331588
-725.3015805227377
-725.3016002497922
-725.301619914563
-725.3016395172266
-725.3016590579577
-725.3016785369762
-725.3016979544996
-725.3017173107203
-725.3017366058225
-725.3017558399989
-725.3017750134587
-725.3017941264045
-725.3018131789939
-725.3018321714385
-725.301851103976
-725.301869976722
-725.3018887899156
-725.301907543734
-725.3019262383771
-725.3019448740365
-725.3019634508704
-725.3019819691219
-725.302000428946
-725.3020188305173
-725.302037174084
-725.3020554597214
-725.3020736877392
-725.3020918582254
-725.3021099714271
-725.3021280274978
-725.3021460266095
-725.3021639689723
-725.3021818547693
-725.3021996841626
-725.3022174573532
-725.3022351744964
-725.3022528357925
-725.3022704414058
-725.3022879915178
-725.3023054863273
-725.3023229259924
-725.302340310674
-725.3023576405869
-725.3023749158803
-725.3023921367375
-725.3024093033312
-725.3024264158305
-725.3024434744123
-725.3024604792546
-725.3024774305311
-725.3024943283901
-725.3025111730292
-725.3025279646168
-725.3025447033091
-725.3025613892944
-725.302578022698
-725.3025946037505
-725.3026111325685
-725.3026276093312
-725.3026440342267
-725.3026604074112
-725.3026767290396
-725.3026929992809
-725.3027092183116
-725.302725386279
-725.302741503347
-725.3027575696794
-725.3027735854677
-725.3027895508252
-725.3028054659591
-725.3028213309842
-725.3028371460999
-725.302852911437
-725.3028686271888
-725.3028842934777
-725.3028999104785
-725.3029154783344
-725.3029309972425
-725.3029464673359
-725.3029618887485
-725.3029772616512
-725.302992586204
-725.303007862567
-725.3030230908873
-725.3030382713144
-725.303053403997
-725.303068489094
-725.3030835267812
-725.3030985171694
-725.3031134604297
-725.3031283567061
-725.3031432061679
-725.3031580089205
-725.3031727651647
-725.3031874750206
-725.3032021386326
-725.3032167561915
-725.3032313277633
-725.3032458535789
-725.3032603337257
-725.3032747683733
-725.3032891576806
-725.3033035017546
-725.3033177996856
-725.3033320537813
-725.3033462620173
-725.3033604266924
-725.3033745458271
-725.3033886216697
-725.3034026522178
-725.3034166397524
-725.3034305823113
-725.303444482141
-725.3034583372622
-725.3034721499397
-725.3034859182042
-725.3034996442793
-725.3035133261994
-725.3035269662251
-725.3035405623656
-725.3035541168882
-725.3035676278006
-725.3035810973519
-725.3035945236066
-725.3036079087246
-725.303621250812
-725.3036345520567
-725.3036478105205
-725.3036610283983
-725.3036742037966
-725.303687338864
-725.3037004317116
-725.3037134844842
-725.3037264952861
-725.3037394662781
-725.3037523955984
-725.3037652853409
-725.3037781336539
-725.3037909426465
-725.303803710489
-725.3038164392805
-725.3038291271575
-725.3038417762178
-725.3038543846596
-725.3038669545272
-725.3038794839891
-725.3038919751355
-725.3039044261582
-725.3039168391227
-725.3039292121728
-725.3039415464032
-725.3039538429838
-725.3039661000591
-725.3039783186687
-725.3039904989672
-725.3040026411009
-725.3040147451665
-725.3040268113084
-725.3040388396354
-725.3040508302861
-725.3040627833383
-725.3040746989388
-725.3040865772315
-725.3040984182824
-725.3041102222456
-725.3041219892262
-725.3041337193592
-725.3041454127195
-725.3041570694694
-725.3041686897033
-725.3041802735349
-725.304191821092
-725.3042033324737
-725.3042148078189
-725.3042262472226
-725.3042376508278
-725.3042490186843
-725.3042603509721
-725.3042716477516
-725.3042829091855
-725.3042941353439
-725.3043053263755
-725.3043164823569
-725.3043276034308
-725.3043386896942
-725.304349741236
-725.3043607581951
-725.3043717406723
-725.3043826887784
-725.3043936026191
-725.3044044822935
-725.3044153279501
-725.3044261396478
-725.3044369175201
-725.3044476616685
-725.3044583722102
-725.3044690492168
-725.3044796928309
-725.304490303162
-725.3045008802796
-725.3045114243234
-725.3045219353829
-725.304532413547
-725.3045428589544
-725.3045532716873
-725.3045636518526
-725.3045739995737
-725.3045843149027
-725.3045945979942
-725.3046048489298
-725.3046150678159
-725.3046252547434
-725.304635409801
-725.304645533139
-725.3046556247909
-725.3046656849212
-725.3046757136004
-725.3046857109266
-725.3046956770064
-725.3047056119191
-725.304715515777
-725.3047253886832
-725.3047352307407
-725.3047450420403
-725.3047548226799
-725.3047645727444
-725.3047742923303
-725.304783981571
-725.3047936405429
-725.3048032693094
-725.3048128679955
-725.3048224367028
-725.3048319754955
-725.3048414844968
-725.3048509637956
-725.3048604134822
-725.3048698336544
-725.3048792244127
-725.3048885858193
-725.3048979179977
-725.3049072210154
-725.3049164949791
-725.3049257400196
-725.3049349561526
-725.3049441435089
-725.3049533021833
-725.3049624322638
-725.3049715338335
-725.3049806069666
-725.3049896518045
-725.3049986683656
-725.3050076568106
-725.3050166171944
-725.3050255496013
-725.3050344541125
-725.3050433308396
-725.305052179867
-725.3050610012582
-725.3050697951343
-725.3050785615484
-725.305087300619
-725.3050960124181
-725.3051046970273
-725.3051133545199
-725.3051219849996
-725.3051305885836
-725.3051391652798
-725.3051477152516
-725.3051562385298
-725.3051647352322
-725.3051732054079
-725.3051816491701
-725.3051900665863
-725.305198457749
-725.3052068227305
-725.3052151616502
-725.3052234745423
-725.3052317614955
-725.305240022615
-725.3052482579673
-725.3052564676309
-725.3052646517152
-725.3052728102665
-725.3052809433875
-725.3052890511428
-725.3052971336018
-725.3053051908729
-725.3053132230226
-725.3053212301348
-725.3053292122846
-725.3053371695485
-725.3053451020171
-725.3053530097478
-725.3053608928201
-725.305368751317
-725.305376585332
-725.3053843949434
-725.3053921802139
-725.3053999412045
-725.3054076780328
-725.3054153907125
-725.3054230794064
-725.3054307441124
-725.3054383849121
-725.305446001956
-725.3054535952373
-725.3054611648553
-725.3054687108934
-725.3054762334501
-725.3054837325483
-725.3054912082997
-725.3054986607327
-725.305506089972
-725.3055134960708
-725.3055208791042
-725.3055282391331
-725.3055355762345
-725.3055428905069
-725.305550181985
-725.305557450747
-725.3055646968972
-725.3055719204516
-725.3055791215444
-725.3055863002041
-725.3055934565007
-725.3056005905125
-725.3056077023385
-725.3056147919958
-725.3056218595995
-725.3056289051824
-725.3056359288425
-725.3056429306396
-725.3056499106547
-725.3056568689167
-725.3056638055378
-725.305670720536
-725.3056776140638
-725.305684486093
-725.305691336748
-725.3056981661013
-725.3057049741922
-725.3057117610837
-725.305718526872
-725.3057252715973
-725.3057319953243
-725.3057386981538
-725.3057453801284
-725.3057520412914
-725.3057586817324
-725.3057653015479
-725.3057719007353
-725.3057784794121
-725.3057850376049
-725.3057915754122
-725.3057980928597
-725.305804590057
-725.3058110670629
-725.3058175238856
-725.3058239606534
-725.3058303773948
-725.3058367741728
-725.3058431510507
-725.305849508119
-725.3058558454038
-725.3058621630056
-725.3058684609349
-725.3058747393103
-725.3058809981268
-725.3058872375173
-725.3058934575041
-725.3058996581431
-725.3059058395031
-725.305912001657
-725.3059181446372
-725.3059242685329
-725.3059303733974
-725.3059364592758
-725.305942526249
-725.3059485743646
-725.3059546036627
-725.3059606142425
-725.3059666061271
-725.3059725794103
-725.3059785341194
-725.3059844703215
-725.3059903880846
-725.3059962874328
-725.3060021684632
-725.3060080312442
-725.3060138757749
-725.3060197021546
-725.3060255104382
-725.3060313007118
-725.3060370729411
-725.3060428272559
-725.3060485637073
-725.3060542823109
-725.3060599831975
-725.3060656663436
-725.3060713318462
-725.3060769797473
-725.3060826101008
-725.3060882229656
-725.3060938184037
-725.3060993964665
-725.3061049572136
-725.3061105006756
-725.3061160269325
-725.3061215360264
-725.3061270280137
-725.30613250295
-725.3061379608869
-725.306143401875
-725.3061488259832
-725.3061542332343
-725.3061596236927
-725.3061649974318
-725.3061703544943
-725.3061756948881
-725.306181018731
-725.3061863260482
-725.3061916168778
-725.3061968913096
-725.3062021493485
-725.3062073910766
-725.306212616536
-725.3062178257842
-725.3062230188607
-725.3062281958063
-725.3062333566949
-725.306238501575
-725.3062436304759
-725.306248743468
-725.3062538406042
-725.3062589219172
-725.3062639874523
-725.30626903729
-725.3062740714544
-725.3062790899827
-725.3062840929459
-725.3062890804108
-725.3062940523988
-725.3062990089621
-725.3063039501272
-725.3063088759749
-725.3063137865566
-725.3063186818791
-725.3063235620557
-725.3063284270822
-725.3063332769938
-725.3063381119002
-725.306342931782
-725.3063477367384
-725.3063525267914
-725.306357301953
-725.3063620623501
-725.3063668079682
-725.3063715388848
-725.306376255114
-725.3063809567317
-725.3063856437599
-725.3063903162545
-725.3063949742855
-725.3063996178682
-725.3064042470291
-725.3064088618631
-725.3064134623806
-725.3064180486367
-725.3064226206919
-725.306427178567
-725.3064317223073
-725.3064362519505
-725.3064407676006
-725.3064452692041
-725.3064497568745
-725.306454230644
-725.3064586905316
-725.3064631366028
-725.306467568885
-725.306471987456
-725.3064763923354
-725.3064807835441
-725.3064851611521
-725.3064895252073
-725.3064938757158
-725.3064982127746
-725.3065025363827
-725.3065068465872
-725.3065111434636
-725.306515426987
-725.3065196972656
-725.3065239543135
-725.3065281981723
-725.3065324288793
-725.3065366465005
-725.3065408510242
-725.3065450425465
-725.3065492210746
-725.3065533866718
-725.3065575393742
-725.3065616791931
-725.306565806195
-725.3065699204307
-725.3065740219105
-725.306578110714
-725.3065821867962
-725.3065862502975
-725.3065903012214
-725.3065943395876
-725.3065983654518
-725.3066023788471
-725.3066063798292
-725.3066103684112
-725.3066143446657
-725.3066183085813
-725.3066222602449
-725.3066261996627
-725.3066301268668
-725.3066340419497
-725.3066379448918
-725.3066418357702
-725.3066457145799
-725.3066495813963
-725.3066534362526
-725.3066572791507
-725.3066611101693
-725.3066649293372
-725.3066687366721
-725.3066725322234
-725.3066763160405
-725.3066800881384
-725.3066838485646
-725.3066875973749
-725.3066913345526
-725.3066950601803
-725.3066987742764
-725.3067024768729
-725.3067061680346
-725.3067098477487
-725.3067135161036
-725.3067171730925
-725.3067208187637
-725.3067244531707
-725.3067280763088
-725.3067316882527
-725.3067352890246
-725.3067388786617
-725.3067424571934
-725.3067460246473
-725.3067495810673
-725.3067531264874
-725.3067566609427
-725.3067601844705
-725.3067636970926
-725.3067671988572
-725.306770689793
-725.3067741699173
-725.3067776392876
-725.3067810979419
-725.3067845458921
-725.3067879831688
-725.3067914098264
-725.3067948258835
-725.3067982313761
-725.3068016263281
-725.3068050108047
-725.3068083848212
-725.3068117483789
-725.3068151015491
-725.3068184443572
-725.3068217768152
-725.3068250989722
-725.306828410872
-725.3068317125311
-725.3068350039858
-725.3068382852568
-725.3068415563927
-725.3068448174026
-725.3068480683377
-725.3068513092518
-725.3068545401046
-725.3068577610064
-725.3068609719235
-725.3068641729324
-725.3068673640624
-725.3068705453039
-725.3068737167175
-725.3068768783437
-725.3068800301983
-725.306883172303
-725.3068863047147
-725.3068894274162
-725.3068925404814
-725.3068956439465
-725.3068987377877
-725.3069018220999
-725.3069048968565
-725.3069079621552
-725.3069110179539
-725.3069140643071
-725.3069171012646
-725.3069201288331
-725.3069231470411
-725.3069261559147
-725.3069291555254
-725.3069321458444
-725.3069351269351
-725.3069380987996
-725.3069410615111
-725.306944015073
-725.3069469594899
-725.3069498948223
-725.3069528210821
-725.3069557383137
-725.3069586465529
-725.3069615457573
-725.3069644360382
-725.3069673174044
-725.306970189864
-725.306973053462
-725.3069759081854
-725.3069787541365
-725.3069815912789
-725.3069844196729
-725.3069872393033
-725.306990050226
-725.3069928524897
-725.306995646107
-725.3069984310722
-725.3070012074824
-725.3070039752913
-725.3070067345682
-725.307009485306
-725.3070122275728
-725.3070149613571
-725.3070176867112
-725.3070204036612
-725.3070231121966
-725.3070258124121
-725.30702850425
-725.3070311878104
-725.3070338630736
-725.3070365300814
-725.3070391888513
-725.3070418394109
-725.3070444818092
-725.3070471160361
-725.3070497421586
-725.3070523601531
-725.3070549700703
-725.3070575719372
-725.3070601657776
-725.3070627515957
-725.3070653294732
-725.3070678993629
-725.30707046131
-725.3070730153911
-725.3070755615888
-725.307078099899
-725.3070806303878
-725.3070831530813
-725.3070856679864
-725.3070881751457
-725.3070906745248
-725.3070931662365
-725.3070956502391
-725.3070981265794
-725.3071005952991
-725.3071030563904
-725.3071055098942
-725.3071079558296
-725.3071103942351
-725.3071128250923
-725.3071152484546
-725.3071176643629
-725.3071200727882
-725.3071224738115
-725.3071248674219
-725.3071272536469
-725.3071296325052
-725.3071320040341
-725.3071343682648
-725.3071367251745
-725.3071390748506
-725.307141417253
-725.3071437524566
-725.3071460804388
-725.307148401234
-725.3071507148948
-725.3071530214116
-725.3071553208139
-725.3071576131453
-725.3071598983872
-725.3071621765919
-725.3071644477885
-725.3071667119466
-725.3071689691495
-725.3071712193841
-725.307173462681
-725.3071756990611
-725.3071779285505
-725.307180151178
-725.3071823669444
-725.3071845758823
-725.3071867779872
-725.3071889733551
-725.3071911619144
-725.3071933437456
-725.3071955188501
-725.30719768723
-725.3071998489419
-725.307202003996
-725.3072041524184
-725.3072062942003
-725.3072084293809
-725.307210557997
-725.3072126800422
-725.3072147955555
-725.3072169045324
-725.3072190070158
-725.3072211030255
-725.307223192571
-725.3072252756907
-725.3072273523774
-725.3072294226805
-725.307231486597
-725.3072335441639
-725.307235595366
-725.3072376402641
-725.3072396788555
-725.3072417111682
-725.3072437372248
-725.3072457570331
-725.3072477706125
-725.3072497780046
-725.30725177922
-725.307253774248
-725.3072557631631
-725.3072577459076
-725.3072597225763
-725.3072616931488
-725.3072636576312
-725.3072656160836
-725.3072675684926
-725.3072695148917
-725.3072714553113
-725.3072733897457
-725.3072753182096
-725.3072772407444
-725.3072791573625
-725.3072810680791
-725.3072829728881
-725.3072848718521
-725.3072867649629
-725.3072886522345
-725.3072905337162
-725.3072924093858
-725.3072942792884
-725.3072961434304
-725.3072980018243
-725.3072998544948
-725.3073017014816
-725.3073035427716
-725.3073053783737
-725.307307208343
-725.3073090326864
-725.3073108513908
-725.3073126645087
-725.3073144720466
-725.3073162740071
-725.3073180704432
-725.3073198613104
-725.307321646715
-725.3073234265944
-725.3073252009905
-725.3073269699365
-725.3073287334444
-725.3073304914925
-725.307332244154
-725.3073339914243
-725.3073357333033
-725.3073374698225
-725.3073392010045
-725.3073409268356
-725.3073426473736
-725.3073443626266
-725.3073460725938
-725.3073477772931
-725.3073494767171
-725.3073511709678
-725.3073528599796
-725.3073545437819
-725.3073562224347
-725.3073578958773
-725.3073595641976
-725.3073612273814
-725.3073628854361
-725.307364538409
-725.3073661862658
-725.3073678290644
-725.307369466834
-725.3073710995488
-725.3073727272332
-725.3073743499135
-725.3073759675897
-725.3073775802995
-725.3073791880603
-725.3073807908562
-725.3073823887148
-725.3073839816851
-725.3073855697438
-725.3073871529158
-725.3073887312117
-725.3073903046502
-725.3073918732624
-725.3073934370333
-725.3073949960108
-725.3073965501768
-725.3073980995748
-725.307399644191
-725.3074011840796
-725.3074027192126
-725.3074042496271
-725.3074057753291
-725.3074072963436
-725.3074088127152
-725.3074103243944
-725.3074118314058
-725.3074133338116
-725.3074148315601
-725.3074163247348
-725.3074178133091
-725.3074192973279
-725.3074207767372
-725.3074222516369
-725.3074237219855
-725.3074251878173
-725.3074266491341
-725.3074281059543
-725.3074295583135
-725.3074310061951
-725.3074324496263
-725.3074338886279
-725.3074353231925
-725.307436753348
-725.3074381791
-725.3074396004657
-725.3074410174872
-725.3074424301503
-725.3074438384384
-725.30744524243
-725.3074466420744
-725.3074480374289
-725.3074494285243
-725.3074508153343
-725.3074521978538
-725.3074535760977
-725.3074549501811
-725.3074563199909
-725.3074576856017
-725.307459047007
-725.3074604042481
-725.3074617573014
-725.3074631061999
-725.3074644509596
-725.3074657915749
-725.3074671280696
-725.307468460466
-725.3074697887562
-725.3074711129785
-725.3074724331186
-725.3074737492126
-725.3074750612568
-725.3074763692725
-725.3074776732535
-725.3074789732362
-725.3074802692308
-725.3074815612322
-725.3074828492805
-725.3074841333563
-725.3074854134918
-725.3074866897068
-725.3074879619594
-725.3074892303407
-725.3074904947972
-725.3074917554097
-725.3074930121072
-725.3074942649881
-725.3074955139815
-725.3074967591436
-725.3074980004841
-725.3074992380187
-725.3075004717408
-725.3075017016703
-725.3075029278162
-725.3075041502168
-725.3075053688519
-725.3075065837476
-725.3075077949051
-725.3075090023729
-725.3075102060864
-725.3075114061407
-725.3075126024792
-725.3075137951167
-725.3075149841507
-725.3075161694984
-725.3075173512367
-725.3075185293311
-725.3075197037905
-725.3075208746392
-725.3075220419053
-725.3075232055882
-725.3075243656971
-725.307525522234
-725.3075266752655
-725.3075278246873
-725.3075289706088
-725.3075301130169
