-724.6500662111376
-724.6934429078117
-724.7024400830154
-724.6812967816815
-724.6333214443247
-724.5607779538283
-724.4649103016827
-724.3461199547219
-724.2042797893606
-724.0391413667845
-723.8507731335495
-723.6399603036826
-723.4085021518596
-723.1593563454635
-722.8965979596076
-722.6251798133277
-722.3504993695184
-722.0777990348129
-721.8114589778619
-721.5542947615521
-721.307057191857
-721.0684745128743
-720.8363916796205
-720.6094807292792
-720.3031130373523
-720.0346906725766
-719.7732728232902
-719.4921745305378
-719.2015749055805
-718.9105680978107
-718.6259999823329
-718.353750177874
-718.098103826081
-717.8607292291208
-717.6426696370511
-717.4505215130577
-717.3109138174996
-717.3141340919854
-717.5119909999612
-718.1950907909485
-718.6072725257573
-719.087358202458
-719.6112518119924
-720.167351808985
-720.7459273517441
-721.330494732859
-721.9021118335224
-722.4480962540179
-722.9608173602967
-723.4351878947292
-723.8675676525523
-724.2552966760176
-724.5964841532611
-724.8899293586786
-725.1351132286658
-725.3322040956457
-725.4820144982027
-725.5858470940013
-725.6451861643086
-725.6612294337247
