-1891.950682218132
-1891.9320218591668
-1891.8796975073567
-1891.7979138683966
-1891.6889895799113
-1891.5532946681371
-1891.3894415967643
-1891.1947662206928
-1890.9660884927143
-1890.7007210987313
-1890.3977429618867
-1890.0597364276139
-1889.695548421723
-1889.3250266912355
-1888.9871630995044
-1888.7586959089128
-1888.798395636885
-1889.1677615826861
-1889.6236797798176
-1890.070299855319
-1890.4868907862365
-1890.8671120069198
-1891.2098627199339
-1891.5166536197376
-1891.790275075839
-1892.0339607893613
-1892.250863433542
-1892.4437668602209
-1892.6149756494303
-1892.766324428358
-1892.899265516141
-1893.0152318520884
-1893.1157933078707
-1893.2025406897776
-1893.2771604426373
-1893.341482799455
-1893.3974970314218
-1893.4473385934723
-1893.4932522869078
-1893.5375352317685
-1893.58246402541
-1893.6302118108445
-1893.68276237796
-1893.7418288954298
-1893.8087837372395
-1893.8846031613339
-1893.9698271102036
-1894.0645314811368
-1894.1683088718205
-1894.2802542848895
-1894.3989536682545
-1894.5224738676573
-1894.6483510244582
-1894.7735707632437
-1894.894530486274
-1895.006976279369
-1895.10591673837
-1895.1855284216876
-1895.239070570619
-1895.2588106337473
