-723.0444745474495
-723.0444636428039
-723.043747958404
-723.0424531666046
-723.0406841069578
-723.0385269198382
-723.0360525498784
-723.033314988232
-723.0303547990582
-723.0272006996051
-723.0238602291786
-723.0203878287211
-723.0167963198372
-723.0131317399427
-723.0094571640665
-723.0058187609933
-723.0022752854904
-722.9988870797882
-722.9957445982151
-722.9928868397134
-722.9903604144474
-722.9882711247878
-722.9864817101587
-722.9850268373259
-722.9838837256646
-722.9821041401792
-722.9814687972809
-722.9811109871753
-722.9809906687001
-722.9811832470118
-722.9816718404342
-722.9824874943121
-722.9835870348977
-722.984968486537
-722.9866391197319
-722.9885302319989
-722.9905627822594
-722.992942638767
-722.9956607080463
-722.9987806925541
-723.0023563189126
-723.0063837114606
-723.0108140373981
-723.015579489739
-723.0206031767922
-723.0258240933656
-723.0353100316115
-723.0411405146031
-723.0471231965636
-723.053170517291
-723.0591693775765
-723.0649559433638
-723.070272465971
-723.0747225370841
-723.0777089012741
-723.0783695103903
-723.075510976234
-723.0675328680953
-723.0523652596478
-723.0273918112606
