-723.0444745474495
-723.0439218619879
-723.0420152815453
-723.0396278966335
-723.037355471831
-723.0355585693658
-723.0344041730064
-723.0339072268503
-723.0339632636446
-723.0344201520663
-723.0350724464749
-723.0357211769473
-723.0362021945053
-723.0363975314675
-723.0362901915797
-723.0359245358474
-723.0353852810155
-723.034756879224
-723.0340762492668
-723.0333809191179
-723.032650302421
-723.0318071805549
-723.030787508972
-723.0295504324512
-723.0280426724017
-723.0256018554242
-723.0234988620776
-723.0214114367413
-723.0194818369555
-723.0178036798897
-723.016380817423
-723.015114606217
-723.0137815737678
-723.011995249509
-723.0093136397207
-723.0054970211814
-723.0006964833568
-722.9954444383033
-722.9905282916114
-722.9869892419133
-722.9841853427557
-722.9937413191965
-722.993581268268
-722.9917191707516
-722.9874924544607
-722.9809526984745
-722.9729001065274
-722.9645834948582
-722.9572125320785
-722.9525821891383
-722.9543618596853
-722.9706499996955
-723.0174332543647
-723.1203423249272
-723.3102653434136
-723.6080769256588
-723.9930619242195
-724.3905030798584
-724.7062011041384
-724.8417525246604
