-724.6500662111376
-724.710004855664
-724.7514777166409
-724.7785522370764
-724.7944278657412
-724.801649526664
-724.8022650877133
-724.7979272040392
-724.7899358986982
-724.7792267980984
-724.7663111192664
-724.7511787301239
-724.7331813396222
-724.7109150143875
-724.682169442504
-724.6442492304444
-724.5943615958773
-724.5299069159105
-724.4487898211503
-724.3497553402008
-724.2328023278341
-724.1002551332459
-723.958002733248
-723.8149005663944
-723.6811815386907
-723.5656550877092
-723.4730311991923
-723.4031974965835
-723.3528422261064
-723.3185127524964
-723.2986267624945
-723.2945151240502
-723.3107903201427
-723.3547923862803
-723.4342672916817
-723.5523163985813
-723.7030449778198
-723.8723297922774
-724.0433945167764
-724.2021723449166
-724.3396939258064
-724.4527526312294
-724.5418844376154
-724.6095107724143
-724.6591268144039
-724.6946806700153
-724.7200742033785
-724.7387812346427
-724.7534697151682
-724.7657814254565
-724.7764781593338
-724.7856268587345
-724.7927545716636
-724.7969522676453
-724.7969188868693
-724.7909471790136
-724.7768598743204
-724.751908597302
-724.7126486254646
-724.654800152299
