-724.8416681181226
-724.8873551771925
-724.9221214688142
-724.947358632207
-724.964351869677
-724.9742836570041
-724.9782358899197
-724.9771894139174
-724.9720229043376
-724.9635106018089
-724.9523206908528
-724.9390152128692
-724.9240525753759
-724.9077938227437
-724.8905128938421
-724.8724115350885
-724.8536386593956
-724.8343135704166
-724.8145523612486
-724.7944962708287
-724.7743404449882
-724.7543611418454
-724.7349389177151
-724.7165747299767
-724.6998951216277
-724.6856420255323
-724.6746416893426
-724.667747477834
-724.6657507673642
-724.6692559102835
-724.6785117864749
-724.6930975259746
-724.7117446569132
-724.7323413603935
-724.7518772470999
-724.7664491598366
-724.7713521443718
-724.7612659702964
-724.730539316138
-724.6735637475078
-724.5852214351329
-724.4613889684986
-724.2994942254576
-724.0991766345511
-723.8632538252525
-723.5995934633268
-723.3250490350551
-723.0696625376393
-722.8671159771537
-722.7330254749245
-722.6626346812255
-722.6412913275902
-722.65167286057
-722.6779062249169
-722.7082606506341
-722.7354592606719
-722.7552487312946
-722.7649661394007
-722.7626439875056
-722.7465009743473
