-2169.1849259216374
-2169.183505575556
-2169.1799551048884
-2169.175132113943
-2169.1696567273048
-2169.1639573908383
-2169.1583122966927
-2169.1528852805272
-2169.147755444369
-2169.142940089649
-2169.1384108200527
-2169.134102908141
-2169.12991823112
-2169.125722277418
-2169.1213369284087
-2169.1165809132035
-2169.1113612501895
-2169.105650900839
-2169.0993836207717
-2169.092299773611
-2169.0837740688294
-2169.0730249264093
-2169.0600221623195
-2169.0456432637275
-2169.031172300574
-2169.017116750119
-2169.001448844983
-2168.977541108792
-2168.9331959183182
-2168.853871502943
-2168.7266008799575
-2168.5445152137877
-2168.314002638479
-2168.0720828009094
-2167.9350251133383
-2168.0346431413664
-2168.281971788667
-2168.551936108468
-2168.785955471041
-2168.9644540763484
-2169.0873968962387
-2169.165300479219
-2169.2113603031685
-2169.237308523066
-2169.2522252328567
-2169.2623686983934
-2169.271581956277
-2169.2819905693736
-2169.2944802426646
-2169.308785363998
-2169.323982817423
-2169.3389415735246
-2169.3526470928664
-2169.3644029249695
-2169.373915774502
-2169.381272915969
-2169.3868220765635
-2169.3909634565657
-2169.393861463891
-2169.3950807467536
