-723.0444745474495
-723.0429760349439
-723.0395881885206
-723.0352365909673
-723.0306002035757
-723.0261417219449
-723.0221376195528
-723.0187084852863
-723.0158493962235
-723.0134449394288
-723.0113552218876
-723.009358425902
-723.0072300139008
-723.0047530175798
-723.0017231423433
-722.9979837043244
-722.9934426185762
-722.9880133146637
-722.9817632115116
-722.9747101540454
-722.9669485179747
-722.9586673484696
-722.9500708161439
-722.9413945068007
-722.932886429847
-722.9247909932452
-722.9173673116039
-722.9107946577609
-722.9052392622575
-722.9007938244151
-722.8974634347655
-722.8950927352438
-722.8933793127162
-722.8919803926917
-722.8904621069431
-722.8883965829777
-722.8853294596346
-722.880793115199
-722.8743040605481
-722.8653905932705
-722.8535804648689
-722.8570394694734
-722.8419941580801
-722.8243057499812
-722.8043072513319
-722.7825992426162
-722.7600373735218
-722.7377071962125
-722.7170130542678
-722.7001873013814
-722.6917618668839
-722.7015613464634
-722.7484247690252
-722.8608109445726
-723.0698351114513
-723.3907673504018
-723.79337518679
-724.2010225437654
-724.5215398446014
-724.6501056913709
