-724.6500662111376
-724.6494278420523
-724.5725633582975
-724.4280152168049
-724.225275184917
-723.9745664351938
-723.6868313149561
-723.3742069692846
-723.0517571047175
-722.7421146823955
-722.4804703953424
-722.2997347008645
-722.2064757966504
-722.1869869058611
-722.220704601858
-722.2862984584856
-722.3663584313648
-722.4506906966699
-722.5346680626174
-722.6163934275372
-722.6951116753139
-722.7704997044601
-722.8423450894637
-722.9103914570312
-722.9742573256517
-723.0333876478643
-723.0870130603887
-723.1341139477078
-723.1733817791753
-723.2031844546804
-723.2215447310414
-723.2261434584926
-723.2143404904057
-723.1833610638071
-723.130640148424
-723.0542842960897
-722.9536691009384
-722.8302334061128
-722.6886706807745
-722.5391387940502
-722.4021908289048
-722.319001231572
-722.3547313315694
-722.5362085219433
-722.7964932673534
-723.0707682246116
-723.329892808516
-723.561010817592
-723.7584347226194
-723.9205740943507
-724.0485734725816
-724.1454482420412
-724.2153794290352
-724.2630705669926
-724.2931476975274
-724.3094028469886
-724.3153715250548
-724.3113631820707
-724.2982094380424
-724.2730528770404
