-2169.395080746778
-2169.3935891920496
-2169.3900959828075
-2169.385612372659
-2169.380676403017
-2169.375506559342
-2169.370127883436
-2169.364471379226
-2169.3584476016263
-2169.3519953636146
-2169.345106521708
-2169.3378277807183
-2169.330240402257
-2169.3224185707413
-2169.314391377635
-2169.3062183639718
-2169.29794698706
-2169.289567010593
-2169.2809683447254
-2169.2718696342404
-2169.2617181271253
-2169.249629648467
-2169.2349298602458
-2169.217732573941
-2169.1990387311666
-2169.1805742634688
-2169.164369633665
-2169.152034075376
-2169.1436280830903
-2169.1372293833647
-2169.128576203509
-2169.110625312908
-2169.0733543599113
-2169.0040846162783
-2168.889685479297
-2168.7225635538857
-2168.5062648354765
-2168.263550796436
-2168.0539423890427
-2167.9935699127072
-2168.140013225595
-2168.3704686311166
-2168.591932582897
-2168.7730894670203
-2168.906570593907
-2168.9953903652363
-2169.0476371847
-2169.0735769986095
-2169.083304157161
-2169.0850671989383
-2169.084946252358
-2169.0869132911566
-2169.093061830633
-2169.1039283496007
-2169.1188476937723
-2169.1362989825975
-2169.154209824734
-2169.1701958637227
-2169.1817198973167
-2169.1861600147404
