-1891.950682218132
-1891.92634601999
-1891.8603705128812
-1891.7624339222084
-1891.640893380263
-1891.502567476979
-1891.3524645476098
-1891.1934853184648
-1891.0261902500765
-1890.8487595401582
-1890.657256068283
-1890.4462331411958
-1890.2096455846568
-1889.9419661890631
-1889.6394031970394
-1889.3011456218758
-1888.9305797049487
-1888.5363613867937
-1888.1330832300425
-1887.7411034529962
-1887.3849964499884
-1887.0900373665818
-1886.8763638739672
-1886.752183891315
-1886.710477555275
-1886.7327078469568
-1886.423712635281
-1886.6205374714166
-1887.1963737307174
-1887.428221101049
-1887.6302379987992
-1887.8099958438852
-1887.9754110892147
-1888.1340974960017
-1888.2930552247833
-1888.458552647736
-1888.6360260709212
-1888.8298031462227
-1889.0425137960513
-1889.2741957326944
-1889.5214425180852
-1889.7777050745105
-1890.035461140002
-1890.288081894787
-1890.5300265099647
-1890.7567403013102
-1890.9648920099773
-1891.1526455604376
-1891.3197166435125
-1891.4671716870487
-1891.5970239042895
-1891.7117093339384
-1891.8135254981064
-1891.9041017080906
-1891.9839497272117
-1892.0521215446386
-1892.1059819878105
-1892.141090954721
-1892.1511827840654
-1892.1282263075075
