-724.8416681181226
-724.8617561338018
-724.8778986926492
-724.890838931629
-724.9011991986848
-724.9094946705213
-724.916147440458
-724.9215005846706
-724.9258314726619
-724.9293645555329
-724.9322826259861
-724.934736678742
-724.9368540944339
-724.9387449631466
-724.9404882134156
-724.942054620036
-724.9433832108925
-724.944416788582
-724.9450992591733
-724.9453721260352
-724.9451713830379
-724.9444943568451
-724.9434430004809
-724.9421306901679
-724.9406789153514
-724.9392203427168
-724.9378996036904
-724.9368596638752
-724.9361576219761
-724.9358040215702
-724.935804009663
-724.9361575853172
-724.9368596026021
-724.9378995271078
-724.9392202772897
-724.9406788995935
-724.942130770821
-724.9434432223848
-724.9444947519105
-724.9451719580823
-724.9453728548971
-724.9451000983879
-724.944417694229
-724.9433841438387
-724.9420555492502
-724.9404891172647
-724.9387458292963
-724.9368549182088
-724.9347374597772
-724.9322833726364
-724.9293652865342
-724.9258322204033
-724.921501394469
-724.9161483683795
-724.9094957758658
-724.9012005338083
-724.8908405255218
-724.87790052839
-724.8617581226016
-724.8416700631652
