-2169.1849259216374
-2169.1780189018946
-2169.1589178427425
-2169.1296726964856
-2169.0918809607024
-2169.0467451377403
-2168.995122308695
-2168.937570322787
-2168.874395893399
-2168.805706470846
-2168.731461620678
-2168.6515177958395
-2168.5656705897572
-2168.4737207171456
-2168.3756099344782
-2168.27166639171
-2168.162949934239
-2168.0516094053396
-2167.9410999800893
-2167.8361089300524
-2167.7421192095417
-2167.6646670587324
-2167.6084570737644
-2167.576539058284
-2167.56972230327
-2167.586339108228
-2167.6224077352626
-2167.672179781243
-2167.7289563836853
-2167.7859419073657
-2167.836874191063
-2167.8762739886392
-2167.899411041632
-2167.9022127830403
-2167.8812225233933
-2167.8336811846007
-2166.510661515229
-2166.5002294779897
-2166.4822783853497
-2166.479276924522
-2166.52786001742
-2166.710521194304
-2166.956217328979
-2167.254842495633
-2167.5641666221536
-2167.845009514816
-2168.0779062586907
-2168.258899901875
-2168.3947204892706
-2168.497702017794
-2168.581426833036
-2168.6582756587027
-2168.736702740104
-2168.8207496827104
-2168.9098436961594
-2168.9996546778757
-2169.0833141637054
-2169.1527258549145
-2169.199706545095
-2169.2168231808873
