-724.8416681181226
-724.8918764650444
-724.927227263702
-724.9506702600976
-724.9647593874139
-724.971659129406
-724.9731708126541
-724.9707734368002
-724.965671586929
-724.9588414378906
-724.9510647857761
-724.9429405499218
-724.9348632098934
-724.9269583855794
-724.9189361383051
-724.9099947738673
-724.8994170953524
-724.8869321338999
-724.8727924965087
-724.857648840822
-724.8422008417708
-724.8266594626963
-724.8107009802524
-724.7937179294025
-724.7747464301019
-724.7522739912857
-724.7240131503033
-724.6866868425147
-724.6361583844866
-724.5693722126482
-724.4854514978063
-724.3859190360439
-724.2745278637856
-724.1567556650236
-724.0385074769104
-723.9249439660535
-723.8208461922304
-723.7296617715276
-723.65268341974
-723.5892085222479
-723.5374434076475
-723.495001720647
-723.4593630472332
-723.4283370417194
-723.4001735640223
-723.3735759324087
-723.3476676875605
-723.3220094883003
-723.2966521963771
-723.271831395602
-723.2478535761018
-723.2250232785711
-723.203563231866
-723.183529451864
-723.1647238687043
-723.146610582723
-723.1282360784446
-723.1081668888179
-723.08443806014
-723.0545440940389
