-2169.395080746778
-2169.3068917142045
-2169.0837193258026
-2168.7801226168176
-2168.445983352322
-2168.132355762348
-2167.8816199105736
-2167.702638227229
-2167.577624900392
-2167.4851868049627
-2165.4251966236793
-2165.278190234324
-2165.2911523620114
-2165.3111902222463
-2165.3349396747662
-2165.3597585672587
-2165.383775108106
-2165.405835492172
-2165.4253823150098
-2165.4423028915458
-2165.488752336723
-2165.498377427356
-2165.5078188580937
-2165.5172417938256
-2165.52671009657
-2165.53617690994
-2165.545490550433
-2165.5544123237855
-2165.562642567457
-2165.569850719326
-2165.57570271908
-2165.5798661347294
-2165.5820334545674
-2165.5819625308823
-2165.579491530509
-2165.574544020291
-2165.567125892544
-2165.5573153820205
-2165.5452473424134
-2165.531093149163
-2165.5150377538957
-2165.4972558780414
-2165.4778898738796
-2165.4570321283013
-2165.434714631189
-2165.4109073686873
-2165.3855257184573
-2165.3584457224133
-2165.3295250481256
-2167.9869409049024
-2168.053275236003
-2168.113585259854
-2168.167465156303
-2168.2146353065764
-2168.2549359978357
-2168.2882980554095
-2168.3146833479705
-2168.3340259115503
-2168.3460851908867
-2168.350303801934
