-725.6979503477046
-725.7313117964177
-725.7364475577523
-725.7181177631659
-725.6740241545397
-725.5967762539586
-725.4766640824488
-725.3046055227189
-725.0746344689456
-724.7854750065441
-724.4410309794587
-724.0499141034568
-723.6244309018772
-723.2120579117903
-723.2393131448074
-723.4607389456922
-723.6915577394007
-723.901975653003
-724.0745830258437
-724.2033812405342
-724.2919118061682
-724.3499907753826
-724.3875664183454
-724.4118941904948
-724.4280235530697
-724.4394537641876
-724.4486568191586
-724.4573914905853
-724.4666169470534
-724.4763162968054
-724.4859303982206
-724.4948466473388
-724.5027591136901
-724.5098426733745
-724.5166157459197
-724.5234333582429
-724.5304149391069
-724.537591089336
-724.5449826064337
-724.5526251214936
-724.5605579277769
-724.5687919445902
-724.5772750810562
-724.585906436617
-724.5945606054139
-724.6031037822091
-724.611401758077
-724.6193464435864
-724.6269062749913
-724.6340688418451
-724.6408179604878
-724.6471038221002
-724.6527925598933
-724.6575963405139
-724.6609865740611
-724.6620943123161
-724.6596034511625
-724.6516436374063
-724.6356906943319
-724.6084827891314
