-1589.099610135703
-1588.940518071661
-1588.493645458377
-1587.8038414325347
-1586.9143582635738
-1585.8664294630507
-1584.6994010252
-1583.4520376022012
-1582.1663739188589
-1580.8964770243342
-1579.726397961992
-1578.90938430675
-1578.730005061826
-1578.9769241708163
-1579.4129200699258
-1579.91927076837
-1580.4332497572711
-1580.9185152251466
-1581.3519190034021
-1581.7209182454144
-1582.0189994383486
-1582.2456513225732
-1582.7385113755174
-1583.2709405336323
-1583.6757856760778
-1583.9799560147615
-1584.1910241880514
-1584.3163775188204
-1584.3642163960392
-1584.3446482794204
-1584.2670392832993
-1584.1354975962556
-1583.945595559325
-1583.6888153166158
-1583.304012197375
-1583.3953832419288
-1583.3541954632333
-1583.2311016080034
-1583.0283503080038
-1582.7553434577221
-1582.4257083640282
-1582.0591602773368
-1581.6916190216575
-1581.357911480661
-1581.2492516265872
-1581.62902432363
-1582.342909852537
-1583.094993226569
-1583.8319135743855
-1584.5249242512232
-1585.1594125176825
-1585.72989586895
-1586.236502688582
-1586.6821647059164
-1587.0702099254406
-1587.4022947747192
-1587.676789300566
-1587.887806976788
-1588.0250328321747
-1588.0743688487667
