-2749.5966196006257
-2749.593044864215
-2749.58311599615
-2749.5679424593513
-2749.548532943294
-2749.525800898191
-2749.500574242168
-2749.473598687247
-2749.4455379914525
-2749.4169760583136
-2749.388418457734
-2749.360296181626
-2749.3329720182965
-2749.3067478779994
-2749.281872482741
-2749.258553618679
-2749.2369559443478
-2749.217217545625
-2749.199450402455
-2749.1837467828577
-2749.1701826008266
-2749.1588201731047
-2749.1497098170325
-2749.14289035792
-2749.138388583983
-2749.136217854251
-2749.1363761181365
-2749.138843325359
-2749.143578756407
-2749.1505182697183
-2749.159571171054
-2749.170605821515
-2749.1834509302926
-2749.1979153511083
-2749.213797662881
-2749.230894173833
-2749.2490060348528
-2749.2679447866562
-2749.28753596498
-2749.3076205705343
-2749.3280545084504
-2749.348706409705
-2749.3694545471617
-2749.390183656411
-2749.410782402297
-2749.4311419197766
-2748.560410178197
-2748.5848552352822
-2748.607678417494
-2748.6289189825366
-2748.648616171892
-2748.6670489387297
-2748.6835320920195
-2748.698513400854
-2748.711814030985
-2749.5968815743586
-2749.6059405446463
-2749.6121937354956
-2748.7399574423607
-2749.612953636547
