-562.6995759820322
-562.7095531204574
-562.7158386671395
-562.7186149947548
-562.7179279607577
-562.7138259274386
-562.7064692282361
-562.6962019617516
-562.6835807911137
-562.6693594610969
-562.6544323021288
-562.6397443540391
-562.6261789503111
-562.6144347492412
-562.6048088658231
-562.5968975421372
-562.5904722612374
-562.5858228112354
-562.5836740586174
-562.5849703143875
-562.590560140476
-562.6000223451259
-562.6113266205275
-562.6225783022649
-562.6323704167153
-562.6397578882467
-562.6440245851829
-562.644151719303
-562.6375958391696
-562.6211988042032
-562.5922735773806
-562.5489853466138
-562.4905125084002
-562.4170122407896
-562.3292916136859
-562.2278776925347
-562.1126368993449
-561.9828987110666
-561.8375132836852
-561.674808064661
-561.4924699172135
-561.2878848977666
-561.0583386698496
-560.8009348977358
-560.5127036511318
-560.1907718413006
-559.8326882616503
-559.4369809418315
-559.0047578563895
-558.5483270961297
-558.2878097812971
-558.756748276437
-558.9727296786681
-559.1777593127483
-559.3650740157857
-559.5288812446553
-559.6633447810913
-559.7621656171049
-559.8183802011172
-559.8242364357973
