-725.1156202457802
-725.11561856562
-725.1156168735462
-725.1156151694397
-725.1156134532384
-725.1156117248229
-725.115609984106
-725.1156082309839
-725.1156064653752
-725.1156046871613
-725.1156028962505
-725.1156010925387
-725.115599275943
-725.1155974463533
-725.1155956036579
-725.1155937477487
-725.1155918785524
-725.1155899959182
-725.1155880997981
-725.1155861900289
-725.1155842665289
-725.1155823292094
-725.1155803779242
-725.115578412576
-725.1155764330636
-725.1155744392711
-725.1155724310664
-725.115570408366
-725.1155683710416
-725.115566318979
-725.115564252056
-725.1155621701681
-725.1155600731719
-725.1155579609745
-725.1155558334405
-725.1155536904637
-725.1155515318982
-725.1155493576441
-725.1155471675766
-725.1155449615474
-725.1155427394342
-725.1155405011298
-725.1155382465074
-725.1155359754118
-725.1155336877385
-725.1155313829802
-725.1155290620763
-725.1155267238379
-725.1155243681128
-725.1155219958607
-725.1155196054742
-725.1155171979352
-725.1155147727029
-725.1155123296785
-725.1155098687007
-725.1155073896118
-725.1155048922798
-725.1155023765823
-725.1154998423566
-725.1154972894226
-725.1154947176998
-725.1154921269946
-725.1154895171657
-725.1154868880387
-725.1154842395098
-725.1154815713475
-725.11547888348
-725.1154761757286
-725.115473447903
-725.1154706998519
-725.1154679314442
-725.1154651424725
-725.1154623328288
-725.115459502296
-725.1154566507468
-725.1154537779889
-725.1154508838517
-725.1154479681906
-725.1154450308234
-725.1154420715734
-725.1154390902515
-725.1154360867029
-725.1154330607474
-725.1154300121858
-725.1154269408769
-725.1154238466287
-725.1154207292195
-725.1154175885126
-725.1154144242939
-725.1154112363859
-725.1154080245781
-725.1154047887281
-725.1154015286116
-725.1153982440189
-725.1153949347964
-725.1153916007175
-725.1153882408837
-725.1153848565028
-725.1153814466858
-725.1153780104781
-725.1153745491415
-725.1153710610248
-725.1153675473416
-725.1153640064562
-725.1153604396017
-725.115356845109
-725.1153532242728
-725.1153495752916
-725.1153458995234
-725.1153421952433
-725.1153384636996
-725.1153347031798
-725.1153309149662
-725.1153270973174
-725.1153232515207
-725.115319375834
-725.1153154715374
-725.1153115368551
-725.1153075731225
-725.1153035785458
-725.1152995543833
-725.1152954989127
-725.1152914134102
-725.1152872960392
-725.1152831481814
-725.1152789679564
-725.1152747567648
-725.1152705126732
-725.1152662370763
-725.1152619281055
-725.1152575871218
-725.1152532121915
-725.1152488047172
-725.1152443628104
-725.1152398878148
-725.1152353778056
-725.1152308342263
-725.1152262550323
-725.1152216408824
-725.1152169914441
-725.1152123064022
-725.1152075855371
-725.1152028284775
-725.1151980350392
-725.1151932048805
-725.1151883376898
-725.1151834331732
-725.1151784910763
-725.1151735110236
-725.1151684927896
-725.115163436002
-725.1151583403911
-725.1151532056474
-725.1151480314082
-725.1151428174132
-725.1151375633466
-725.1151322688329
-725.1151269335521
-725.1151215572206
-725.115116139494
-725.115110680049
-725.1151051785457
-725.1150996346419
-725.1150940479648
-725.1150884182117
-725.1150827450119
-725.1150770280685
-725.1150712669719
-725.1150654613932
-725.1150596109798
-725.1150537152979
-725.1150477741006
-725.1150417869727
-725.1150357535552
-725.1150296734327
-725.1150235462462
-725.1150173716777
-725.1150111492681
-725.1150048786662
-725.1149985594872
-725.1149921913731
-725.1149857738433
-725.1149793065906
-725.1149727891328
-725.114966221132
-725.1149596021626
-725.114952931829
-725.1149462096316
-725.1149394353033
-725.1149326083344
-725.1149257282848
-725.1149187947598
-725.1149118073088
-725.1149047655491
-725.1148976689831
-725.1148905172364
-725.1148833097865
-725.1148760462254
-725.1148687261108
-725.1148613489664
-725.114853914363
-725.1148464217791
-725.1148388708092
-725.1148312609762
-725.1148235917959
-725.1148158627693
-725.1148080734209
-725.1148002232849
-725.114792311845
-725.1147843386584
-725.1147763031961
-725.1147682049865
-725.1147600434334
-725.114751818145
-725.1147435284988
-725.1147351740825
-725.1147267542984
-725.114718268622
-725.1147097165641
-725.1147010975637
-725.1146924111025
-725.1146836565921
-725.114674833567
-725.1146659413657
-725.1146569795428
-725.1146479474586
-725.1146388445618
-725.1146296703141
-725.1146204240854
-725.1146111053855
-725.1146017135362
-725.1145922479592
-725.1145827081676
-725.1145730934385
-725.1145634031992
-725.1145536368708
-725.1145437938376
-725.1145338734373
-725.1145238751086
-725.1145137982171
-725.1145036420801
-725.1144934060801
-725.1144830895521
-725.1144726918907
-725.1144622124622
-725.1144516505435
-725.114441005495
-725.1144302766131
-725.1144194633093
-725.1144085648332
-725.1143975804923
-725.11438650966
-725.114375351603
-725.1143641055869
-725.1143527709081
-725.1143413468944
-725.1143298328055
-725.1143182279185
-725.1143065314528
-725.1142947427713
-725.1142828610455
-725.1142708855233
-725.114258815512
-725.1142466501868
-725.114234388847
-725.1142220306634
-725.1142095748623
-725.1141970206339
-725.1141843672478
-725.1141716138551
-725.1141587596899
-725.1141458038795
-725.1141327456443
-725.1141195841743
-725.1141063185752
-725.1140929481161
-725.1140794718236
-725.1140658889426
-725.1140521985161
-725.1140383997752
-725.1140244918212
-725.1140104737001
-725.1139963446388
-725.1139821036664
-725.1139677498483
-725.1139532823894
-725.1139387002847
-725.1139240026118
-725.1139091884577
-725.1138942569174
-725.11387920697
-725.1138640377296
-725.1138487481824
-725.1138333373787
-725.1138178043452
-725.1138021481298
-725.113786367662
-725.1137704620035
-725.1137544300699
-725.113738270902
-725.1137219834662
-725.1137055667441
-725.1136890196436
-725.1136723411723
-725.1136555302036
-725.1136385857408
-725.1136215066316
-725.1136042918477
-725.11358694024
-725.1135694507818
-725.1135518222957
-725.1135340536748
-725.1135161438013
-725.1134980915248
-725.1134798957294
-725.1134615551957
-725.1134430687832
-725.113424435333
-725.1134056536422
-725.1133867224999
-725.1133676407449
-725.1133484071154
-725.1133290203915
-725.113309479362
-725.1132897827841
-725.113269929382
-725.1132499179041
-725.1132297470494
-725.1132094155591
-725.1131889221056
-725.1131682654415
-725.113147444193
-725.1131264570365
-725.1131053026601
-725.1130839797084
-725.1130624868161
-725.1130408225926
-725.1130189856895
-725.1129969747022
-725.1129747881947
-725.1129524247735
-725.1129298830396
-725.1129071615352
-725.112884258763
-725.1128611733035
-725.112837904204
-725.1128144489427
-725.1127908065221
-725.1127669754592
-725.1127429541975
-725.1127187412168
-725.1126943349874
-725.1126697339022
-725.112644936473
-725.1126199410153
-725.1125947460192
-725.1125693498151
-725.1125437507801
-725.1125179473203
-725.1124923667211
-725.1124661529211
-725.1124397297194
-725.1124130954087
-725.1123862483113
-725.1123591866773
-725.1123319088182
-725.1123044129578
-725.1122766973433
-725.1122487602019
-725.112220599759
-725.1121922141994
-725.1121636016867
-725.1121347604386
-725.112105688584
-725.1120763842605
-725.1120468456011
-725.112017070703
-725.1119870576878
-725.1119568036391
-725.1119263094938
-725.1118955694942
-725.111864584536
-725.1118333526905
-725.1118018699324
-725.1117701352854
-725.1117381466984
-725.1117059021028
-725.1116733994485
-725.1116406366721
-725.1116076106024
-725.1115743222449
-725.111540766397
-725.1115069419033
-725.1114728465981
-725.1114384783325
-725.1114038348857
-725.1113689140299
-725.111333713533
-725.1112982311231
-725.111262464545
-725.1112264115376
-725.1111900697376
-725.111153436842
-725.1111165105292
-725.1110792883601
-725.1110417680134
-725.1110039470619
-725.1109658231046
-725.1109273936864
-725.1108886563304
-725.1108496085474
-725.1108102478561
-725.1107705717642
-725.1107305776995
-725.1106902626245
-725.1106496248931
-725.1106086609695
-725.1105673687146
-725.1105257454201
-725.1104837884835
-725.110441495159
-725.1103988627776
-725.1103558886011
-725.1103125698564
-725.1102689037631
-725.1102248875362
-725.110180518376
-725.110135793401
-725.11009070977
-725.1100452645732
-725.1099994549086
-725.1099532778377
-725.1099067303996
-725.109859809655
-725.1098125125211
-725.1097648359963
-725.1097167770445
-725.1096683325503
-725.1096194994291
-725.1095702745754
-725.1095206527599
-725.1094706348747
-725.1094202156861
-725.1093693920006
-725.1093181605419
-725.1092665179547
-725.1092144610245
-725.1091619863423
-725.1091090906235
-725.1090557704404
-725.1090020223575
-725.1089478429199
-725.1088932286987
-725.1088381761849
-725.1087826818253
-725.1087267420675
-725.1086703533459
-725.1086135120551
-725.108556214531
-725.1084984570957
-725.1084402360709
-725.1083815477284
-725.1083223882663
-725.1082627539806
-725.1082026409232
-725.1081420453851
-725.1080809633695
-725.1080193910061
-725.1079573243769
-725.1078947594482
-725.1078316922984
-725.1077681187909
-725.1077040349177
-725.1076394365404
-725.1075743195765
-725.10750867973
-725.1074425129607
-725.1073758149233
-725.1073085814324
-725.1072408080449
-725.107172490551
-725.1071036245306
-725.1070342055255
-725.1069642292067
-725.1068936909852
-725.1068225864143
-725.1067509109015
-725.1066786598684
-725.1066058286837
-725.106532412695
-725.1064584072221
-725.1063838075142
-725.1063086088171
-725.1062328062752
-725.1061563950637
-725.1060793702811
-725.106001727016
-725.1059234602543
-725.1058445651147
-725.1057650363834
-725.1056848690986
-725.1056040580642
-725.105522598201
-725.1054404841719
-725.1053577108081
-725.1052742727915
-725.1051901647991
-725.1051053814274
-725.1050199173146
-725.1049337669047
-725.1048469247855
-725.1047593853632
-725.1046711430276
-725.1045821921542
-725.1044925271074
-725.1044021420429
-725.1043110313515
-725.10421918902
-725.1041266093197
-725.104033286314
-725.103939213989
-725.1038443863703
-725.1037487974093
-725.1036524409925
-725.1035553109341
-725.1034574011344
-725.1033587052032
-725.1032592170039
-725.1031589300039
-725.103057837934
-725.1029559343032
-725.1028532125832
-725.1027496663
-725.1026452887276
-725.1025400732653
-725.1024350007496
-725.1023280973064
-725.1022203357537
-725.1021117091575
-725.1020022106742
-725.1018918332926
-725.1017805699616
-725.1016684136347
-725.1015553571286
-725.1014413931828
-725.1013265146735
-725.1012107140972
-725.1010939842575
-725.100976317579
-725.1008577066268
-725.100738143879
-725.1006176216763
-725.1004961323408
-725.100373668151
-725.1002502212922
-725.1001257839514
-725.1000003481267
-725.0998739059273
-725.0997464492755
-725.0996179699803
-725.0994884599708
-725.099357911005
-725.0992263147413
-725.0990936627611
-725.0989599467234
-725.0988251581066
-725.0986892883084
-725.0985523287222
-725.098414270573
-725.0982751052003
-725.098134823666
-725.0979934171015
-725.0978508764857
-725.0977071928269
-725.0975623569849
-725.0974163596793
-725.0972691917148
-725.0971208437998
-725.096971306462
-725.0968205701191
-725.0966686254069
-725.0965154624455
-725.0963610717179
-725.0962054433121
-725.0960485674248
-725.0958904341129
-725.0957310332744
-725.0955703548552
-725.0954083887024
-725.095245124435
-725.0950805518773
-725.0949146604434
-725.0947474397859
-725.0945788791258
-725.0944089679285
-725.0942376953452
-725.0940650506409
-725.0938910228224
-725.0937156008808
-725.0935387737103
-725.0933605301013
-725.0931808588141
-725.092999748484
-725.0928171876378
-725.0926331647781
-725.0924476682476
-725.0922606862609
-725.0920722070634
-725.0918822187382
-725.091690709406
-725.0914976667
-725.0913030786737
-725.0911069329001
-725.0909092169953
-725.0907099186024
-725.0905090250717
-725.0903065237292
-725.0901024017581
-725.0898966463938
-725.0896892444995
-725.0894801831397
-725.08926944914
-725.0890570290597
-725.0888429097491
-725.0886270775028
-725.0884095189282
-725.0881902201043
-725.0879691673966
-725.0877463467908
-725.0875217443271
-725.0872953457842
-725.0870671370897
-725.0868371036944
-725.0866052312381
-725.0863715051181
-725.08613591068
-725.0858984330551
-725.0856590574103
-725.085417768607
-725.0851745514761
-725.0849293908419
-725.0846822712884
-725.0844331772784
-725.0841834540555
-725.083930374685
-725.0836752736755
-725.0834181350951
-725.0831589427422
-725.0828976804198
-725.0826343316943
-725.0823688801111
-725.0821013090194
-725.0818316016394
-725.0815597411654
-725.0812857104657
-725.0810094924885
-725.0807310699454
-725.0804504253564
-725.0801675411483
-725.0798823997417
-725.0795949832019
-725.0793052737464
-725.0790132530244
-725.0787189029783
-725.0784222050786
-725.0781231410001
-725.0778216919147
-725.0775178391067
-725.0772115634951
-725.0769028460902
-725.0765916676635
-725.0762780087077
-725.0759618497173
-725.075643171037
-725.0753219527767
-725.0749981749155
-725.0746718174139
-725.0743428597319
-725.0740112815784
-725.0736770623171
-725.0733401811505
-725.0730006170935
-725.0726583490386
-725.0723133557435
-725.0719656158522
-725.0716151076483
-725.0712618093291
-725.0709056991803
-725.0705467549202
-725.0701849542945
-725.0698202749626
-725.0694526942465
-725.0690821894058
-725.0687087374386
-725.0683323152161
-725.0679528994343
-725.0675704666686
-725.0671849931291
-725.066796455167
-725.0664048285435
-725.0660100891307
-725.0656122125413
-725.0652111741814
-725.0648069492992
-725.0643995128283
-725.0639888397387
-725.0635749046836
-725.0631576820501
-725.0627371462114
-725.0623147711965
-725.0618875419051
-725.0614569209966
-725.0610228819811
-725.0605853981432
-725.0601444426806
-725.0596999882704
-725.0592520075611
-725.0588004730986
-725.0583453571344
-725.0578866317381
-725.0574242686024
-725.056958239377
-725.0564885155876
-725.0560150680875
-725.0555378683131
-725.0550568865965
-725.0545720936357
-725.0540834597404
-725.0535909548327
-725.0530945489884
-725.0525942116487
-725.0520899122382
-725.0515816200221
-725.051069303653
-725.0505529320635
-725.0500324737035
-725.049507896734
-725.0489791690446
-725.0484462584762
-725.047909132564
-725.0473677583365
-725.0468221030776
-725.046272133392
-725.0457178157217
-725.0451591165546
-725.0445960016168
-725.0440284369661
-725.0434563877278
-725.0428798193691
-725.0422986968772
-725.0417129848621
-725.04112264774
-725.0405276498459
-725.0399294855067
-725.0393250680006
-725.0387158805311
-725.0381018864033
-725.0374830481444
-725.0368593285622
-725.0362306897064
-725.0355970937444
-725.0349585023463
-725.0343148767693
-725.0336661783571
-725.0330123678285
-725.0323534057532
-725.0316892524125
-725.0310198676996
-725.0303452114795
-725.0296652428428
-725.0289799211179
-725.0282892049515
-725.0275930526949
-725.0268914226393
-725.0261842726217
-725.0254715601934
-725.0247532424123
-725.0240292763345
-725.0232996185986
-725.0225642252788
-725.0218230524149
-725.0210760556364
-725.0203231941459
-725.0195644151217
-725.0187996768815
-725.0180304663206
-725.0172536824875
-725.0164708016098
-725.0156817768416
-725.0148865612099
-725.0140851072788
-725.01327736735
-725.0124632932702
-725.011642836571
-725.0108159484777
-725.0099825799157
-725.0091426813001
-725.0082962027947
-725.007443094112
-725.0065833046283
-725.0057167833512
-725.0048434790505
-725.0039633400189
-725.0030763140537
-725.0021823486607
-725.0012813911164
-725.000373388165
-724.9994582861115
-724.9985360309379
-724.997606568091
-724.9966714082738
-724.9957273751489
-724.9947759687182
-724.9938171336493
-724.9928508132485
-724.991876950683
-724.9908954885648
-724.9899063696557
-724.9889095356926
-724.9879049283252
-724.9868924885409
-724.9858721573385
-724.9848438746583
-724.9838075806888
-724.9827632148146
-724.9817107160547
-724.9806500227354
-724.9795810732247
-724.9785038051531
-724.977418155726
-724.9763240619864
-724.9752230396958
-724.9741118737172
-724.9729920710068
-724.9718635665316
-724.9707262945665
-724.9695801896537
-724.9684251847922
-724.9672612136503
-724.9660882084946
-724.9649061017425
-724.9637148251054
-724.9625143096387
-724.9613044863846
-724.9600852853065
-724.9588566362818
-724.9576184679015
-724.9563707103486
-724.9551132911557
-724.9538476483301
-724.9525706957885
-724.9512838632239
-724.9499870772096
-724.9486802634665
-724.9473633470789
-724.9460362527817
-724.9446989048606
-724.9433512268675
-724.9419931421884
-724.9406245729814
-724.9392454416874
-724.9378556698485
-724.9364551835274
-724.9350438931847
-724.9336233081824
-724.9321901845501
-724.9307460200207
-724.9292907319812
-724.9278242387576
-724.9263464570828
-724.9248573038664
-724.9233566949496
-724.9218445458062
-724.9203207710447
-724.9187852852272
-724.9172380019984
-724.9156788343037
-724.9141076949695
-724.9125260044091
-724.910930661136
-724.9093230797944
-724.9077031705041
-724.906070843002
-724.9044260059899
-724.9027685677906
-724.9010984364219
-724.8994155185579
-724.8977197208823
-724.8960109493339
-724.8942891090687
-724.8925556194706
-724.890807358426
-724.8890457403892
-724.8872706679301
-724.8854820433631
-724.8836797679575
-724.8818637426201
-724.8800338675351
-724.8781900421287
-724.8763321651797
-724.8744601350361
-724.8725753443167
-724.8706747016547
-724.8687595961541
-724.8668299234567
-724.864885578353
-724.8629264549479
-724.8609524470826
-724.8589634473109
-724.8569593480602
-724.8549400409396
-724.8529070246393
-724.8508569745916
-724.8487913865307
-724.8467101494839
-724.8446131517381
-724.8425002805702
-724.8403714228322
-724.8382264646527
-724.8360652912856
-724.8338877874885
-724.8316953985077
-724.8294848844032
-724.8272576895616
-724.8250136957888
-724.8227527843551
-724.82047483581
-724.818179729995
-724.8158673460804
-724.8135375625889
-724.8111917356795
-724.8088267834572
-724.8064440626116
-724.8040434487569
-724.8016248171156
-724.799188041935
-724.7967329966491
-724.7942595548893
-724.7917691556233
-724.7892585326395
-724.7867291288607
-724.7841808117138
-724.7816134518906
-724.7790269189647
-724.7764210813637
-724.7737958063881
-724.7711524079443
-724.7684878545807
-724.7658034630324
-724.7630990982725
-724.7603746253885
-724.7576299080748
-724.7548648098585
-724.7520807134704
-724.7492744348199
-724.746447361555
-724.7435993547166
-724.7407302750939
-724.7378399830188
-724.7349283375679
-724.7319967924918
-724.7290420087519
-724.726065447536
-724.7230669657902
-724.7200464209272
-724.7170036702021
-724.7139385697964
-724.7108524014545
-724.707742160076
-724.7046091353563
-724.701453182483
-724.6982741566436
-724.6950719118565
-724.6918477855723
-724.6885986545498
-724.685325866503
-724.6820292751082
-724.6787087336847
-724.6753640963143
-724.6719967563694
-724.6686034737965
-724.6651856547298
-724.6617431528166
-724.6582758220186
-724.6547835155415
-724.6512676856697
-724.6477249756656
-724.6441568527011
-724.6405631717128
-724.636943787524
-724.6332985561858
-724.6296287063017
-724.6259313350881
-724.6222076865106
-724.6184576188739
-724.6146809908491
-724.6108790731806
-724.6070488873296
-724.603191722682
-724.599307440758
-724.5953959060084
-724.591458432238
-724.5874919684042
-724.5834978492251
-724.5794759434704
-724.5754261219851
-724.5713497440141
-724.5672436878207
-724.5631093370123
-724.5589465688792
-724.5547552634845
-724.550536825034
-724.5462880695702
-724.5420104286949
-724.5377037915191
-724.5333680494673
-724.5290046544166
-724.5246103647287
-724.5201866624009
-724.515733451238
-724.5112506385367
-724.5067397221405
-724.5021974137642
-724.4976252466639
-724.49302314213
-724.4883910273994
-724.483730117983
-724.4790377541458
-724.4743151845938
-724.4695623537236
-724.4647805102354
-724.4599669873176
-724.4551230644594
-724.4502487170181
-724.4453452240858
-724.4404099083818
-724.43544409856
-724.4304477862588
-724.4254222978589
-724.4203649525334
-724.4152771197423
-724.4101588200355
-724.4050114204404
-724.3998322455523
-724.3946227138393
-724.3893828761845
-724.3841141400702
-724.3788138521097
-724.3734834673279
-724.3681230833402
-724.3627341422034
-724.3573140256653
-724.3518642375448
-724.346384910962
-724.3408775401272
-724.3353395432595
-724.3297724726231
-724.324176532948
-724.3185532166596
-724.3129000170495
-724.3072185371037
-724.3015090089765
-724.2957730194265
-724.2900081063141
-724.2842159237604
-724.2783967612398
-724.2725522540308
-724.2666800204719
-724.2607817675191
-724.2548578476458
-724.2489099436814
-724.2429357727132
-724.2369370955712
-724.2309143301983
-724.2248688837047
-724.2187992485079
-724.2127068963945
-724.2065932828773
-724.2004569774713
-724.1942995039443
-724.188122354683
-724.1819241961783
-724.175706594853
-724.1694710880093
-724.1632164384548
-724.1569442593322
-724.150656133481
-724.1443509265501
-724.1380302984683
-724.1316958772893
-724.1253466382967
-724.1189842875933
-724.1126104987649
-724.1062243606258
-724.0998276265278
-724.0934220137733
-724.0870067304118
-724.0805835752192
-724.0741543072357
-724.0677182587625
-724.0612772715745
-724.0548331445216
-724.0483853382627
-724.0419357324698
-724.0354861651236
-724.0290362252213
-724.0225878290273
-724.0161428481483
-724.0097010010312
-724.0032642357636
-723.9968344529691
-723.9904115000561
-723.9839973503098
-723.9775939274963
-723.9712012056873
-723.9648211773364
-723.9584557814655
-723.9521051137953
-723.9457711777987
-723.9394559197516
-723.933159551493
-723.9268840763605
-723.9206314387775
-723.9144019578663
-723.908197626712
-723.9020203758679
-723.8958706213097
-723.8897503328711
-723.8836614182513
-723.8776043721948
-723.8715811312557
-723.8655937018124
-723.8596423601166
-723.8537291395188
-723.8478554663996
-723.8420232544092
-723.8362328788457
-723.8304862636217
-723.8247847850988
-723.8191302368517
-723.8135230586083
-723.8079650357204
-723.8024574640864
-723.7970019877899
-723.7915990743098
-723.7862503412738
-723.7809569725475
-723.7757204348763
-723.7705411841948
-723.7654206428488
-723.7603598524094
-723.7553600768517
-723.7504217221765
-723.7455459922277
-723.740733756524
-723.735986057166
-723.7313032120251
-723.7266861877191
-723.7221356600313
-723.7176524721248
-723.7132367386681
-723.7088892206214
-723.7046103845387
-723.700400640136
-723.6962605064754
-723.6921899446555
-723.6881893812742
-723.6842590077126
-723.6803989584545
-723.6766094467046
-723.6728902034051
-723.6692413544163
-723.6656629251245
-723.6621546254306
-723.6587163325102
-723.6553478937694
-723.6520488380354
-723.6488189295782
-723.6456577859225
-723.642564977722
-723.6395400314626
-723.6365824872661
-723.6336916616777
-723.6308670257125
-723.6281079442019
-723.6254137449785
-723.6227836382407
-723.6202171286346
-723.617713239552
-723.615271180959
-723.6128594579217
-723.6105693389507
-723.6083078345707
-723.6061047574545
-723.6039591915635
-723.6018702145819
-723.5998368715289
-723.5978582089148
-723.595933242789
-723.5940610010254
-723.5922404964537
-723.5904707290061
-723.5887507008417
-723.5870794033982
-723.5854558309302
-723.5838789741599
-723.5823451206642
-723.5808607312948
-723.5794186979982
-723.5780186480479
-723.5766602491798
-723.575342649426
-723.57406481471
-723.5728257104986
-723.5716244147105
-723.570459974986
-723.5693314470313
-723.5682379020138
-723.5671784159218
-723.56615208305
-723.5651580040709
-723.5641952923611
-723.5632630673155
-723.5623605084767
-723.561486722952
-723.5606409091887
-723.5598222199972
-723.5590298498756
-723.5596014229284
-723.5604573024189
-723.5613440420129
-723.5622627195722
-723.5632144208711
-723.5642002522313
-723.56522134473
-723.5662788543949
-723.5673739664315
-723.5685078893775
-723.569681854428
-723.5708971294414
-723.572154998072
-723.5734567829862
-723.5748038183133
-723.5761974714208
-723.577639128096
-723.5791301993673
-723.5806719608395
-723.5822661729308
-723.5839141632564
-723.5856174266363
-723.5873774744488
-723.5891958350185
-723.5910740507431
-723.5930136768537
-723.5950162794746
-723.597083432658
-723.5992164935019
-723.6014174795984
-723.6036877680806
-723.6060289445714
-723.6084425900603
-723.6109302788263
-723.6134935754521
-723.6161340310593
-723.6188528696447
-723.6216522079467
-723.6245332451315
-723.6274974457
-723.6305462425307
-723.633681034979
-723.6369031825815
-723.6402135857995
-723.6436143261159
-723.6471062320273
-723.6506904707727
-723.6543681520303
-723.6581403243221
-723.6620074633668
-723.6659714620063
-723.6700326852218
-723.6741918960763
-723.6784497792045
-723.682806388725
-723.6872633066076
-723.6918204414261
-723.6964781302967
-723.7012360818318
-723.7060954869241
-723.7110558905588
-723.716117244638
-723.7212787658656
-723.7265414511925
-723.7319043471913
-723.7373669819989
-723.7429281114325
-723.7485885060432
-723.7543467111134
-723.7602018765773
-723.7661521786071
-723.7721982840918
-723.7783382186202
-723.7845700154951
-723.790893797523
-723.7973074460315
-723.8038086602378
-723.810397453992
-723.8170714006678
-723.8238278866088
-723.8306668550383
-723.8375855918605
-723.8445812027904
-723.8516535988507
-723.8587998119594
-723.8660167039222
-723.8733041910731
-723.8806590869641
-723.8880780462596
-723.8955610312673
-723.9031046740209
-723.9107054665534
-723.9183634409178
-723.9260750921078
-723.9338367861725
-723.9416486608338
-723.9495071106353
-723.9574084108818
-723.9653528398973
-723.9733367224773
-723.9813562823796
-723.9894119523078
-723.9975000253531
-724.0056167004198
-724.0137625931399
-724.0219339901929
-724.0301270993306
-724.0383426800479
-724.0465771793948
-724.0548266975957
-724.0630922874498
-724.0713702954714
-724.0796569718743
-724.0879536136489
-724.0962565560931
-724.1045621938885
-724.1128719516474
-724.1211823256125
-724.1294897737291
-724.1377959096434
-724.1460973167725
-724.1543905517078
-724.1626774209143
-724.1709546086612
-724.1792187799587
-724.1874719246042
-724.1957108349162
-724.2039322902519
-724.2121384554312
-724.2203262334137
-724.2284925230077
-724.2366396491974
-724.244764630641
-724.2528644865496
-724.2609416888973
-724.2689933731292
-724.2770156738146
-724.2850133562675
-724.2929825060676
-724.3009203834189
-724.3088295993009
-724.3167077710752
-724.3245520874716
-724.332365408237
-724.3401452234735
-724.3478890359496
-724.3555997638815
-724.3632749957422
-724.3709123435054
-724.3785147972477
-724.3860800525755
-724.3936058275456
-724.401095174784
-724.408545891741
-724.4159558015944
-724.4233280046766
-724.4306603280961
-724.4379508098422
-724.4452025380842
-724.4524135007867
-724.4595817177149
-724.4667103500059
-724.4737974759522
-724.4808414962704
-724.4878450490553
-724.4948076820327
-724.5017254555299
-724.508602522823
-724.5154371501529
-724.5222276203522
-724.5289771120421
-724.5356839457432
-724.5423464772609
-724.5489678692431
-724.555546513981
-724.5620808374007
-724.5685739844038
-724.5750244135137
-724.5814306204663
-724.587795722919
-724.5941182446912
-724.6003967452649
-724.6066343118772
-724.6128295274615
-724.6189810136522
-724.6250918192214
-724.6311605867699
-724.6371859934503
-724.643171047959
-724.6491144463789
-724.6550149177647
-724.6608754307674
-724.6666947302275
-724.6724715976335
-724.6782089503297
-724.6839055826131
-724.6895603248822
-724.6951760431913
-724.700751577816
-724.706285803614
-724.7117815356161
-724.7172376553353
-724.7226530820678
-724.7280305747579
-724.7333690573092
-724.7386674884498
-724.7439285716799
-724.749151269248
-724.754334578893
-724.7594811466365
-724.7645899724373
-724.769660089227
-724.7746940859861
-724.7796909975307
-724.7846498917386
-724.7895732993674
-724.7944602882254
-724.7993099593077
-724.8041247850905
-724.8089038651876
-724.8136463327861
-724.8183546008013
-724.8230277993067
-724.82766509194
-724.832268833625
-724.8368381837674
-724.841373367816
-724.8458732412432
-724.8503407741028
-724.8547748169332
-724.8591755937597
-724.8635420076871
-724.8678769287519
-724.8721792540475
-724.876449205677
-724.8806857336485
-724.8848916070514
-724.88906576986
-724.8932084404831
-724.8973186139426
-724.9013989609217
-724.9054484690829
-724.9094673540087
-724.9134546527491
-724.9174129402406
-724.9213412461282
-724.9252397824099
-724.9291076270557
-724.9329472607242
-724.9367577541534
-724.9405393149506
-724.9442910599586
-724.9480153789241
-724.9517113810374
-724.9553792702256
-724.959018200627
-724.9626304726721
-724.9662152340803
-724.9697726830047
-724.9733020103472
-724.9768054305863
-724.9802821268548
-724.983732292758
-724.9871551543159
-724.9905528415727
-724.9939245728937
-724.9972705369696
-725.0005909222991
-725.0038847617614
-725.007154553568
-725.0103993221488
-725.0136192508896
-725.0168145218522
-725.0199842192324
-725.0231307212409
-725.0262531033216
-725.0293515431005
-725.0324262165909
-725.0354762567852
-725.0385039262
-725.0415083501953
-725.0444896996582
-725.0474481450111
-725.0503828657014
-725.0532960144419
-725.0561867622195
-725.0590552751205
-725.0619017173872
-725.0647253128769
-725.0675281084958
-725.070309319927
-725.0730691077563
-725.0758076304256
-725.0785250456192
-725.081220447643
-725.0838961240271
-725.0865511603972
-725.0891857097496
-725.0917999246277
-725.0943939568609
-725.0969669576638
-725.0995210798536
-725.1020554671502
-725.1045702663797
-725.1070656240577
-725.1095416851831
-725.1119976561083
-725.1144355615364
-725.1168546002284
-725.1192549127073
-725.1216366396314
-725.1239999199499
-725.126344892393
-725.1286706730644
-725.1309794459056
-725.133270319409
-725.1355434278762
-725.137798904577
-725.1400368823582
-725.1422574924809
-725.1444599173439
-725.1466461896595
-725.1488154830965
-725.1509679262605
-725.153103645871
-725.1552227678029
-725.1573254176457
-725.1594117193292
-725.1614807963982
-725.1635347781888
-725.1655727794413
-725.1675949211265
-725.1696013232081
-725.1715921049339
-725.1735673841206
-725.175527278649
-725.1774709851354
-725.1794004645769
-725.1813149067015
-725.1832144251887
-725.1850991334378
-725.186969143845
-725.1888245678844
-725.1906655169148
-725.19249210053
-725.1943034830792
-725.1961016695458
-725.1978858161915
-725.1996560301886
-725.2014124172971
-725.2031550831753
-725.2048841322847
-725.2065996688675
-725.208301795622
-725.2099906151495
-725.2116652790343
-725.2133277947089
-725.2149773058569
-725.21661391201
-725.2182377116916
-725.2198488029576
-725.2214472833278
-725.2230332492866
-725.2246067967022
-725.2261680206059
-725.2277170158426
-725.2292529394629
-725.2307777640744
-725.2322906391038
-725.2337916564728
-725.2352809071564
-725.23675848153
-725.2382244696917
-725.2396789603595
-725.2411220420959
-725.242553802856
-725.2439743294856
-725.2453837087933
-725.2467820264238
-725.2481683918859
-725.2495448483234
-725.2509104971887
-725.2522654216733
-725.2536097045428
-725.2549434279364
-725.2562666732699
-725.2575795217036
-725.2588820533609
-725.2601743480612
-725.261456485099
-725.2627285426256
-725.2639905990945
-725.2652427315031
-725.266485016895
-725.2677165558061
-725.2689393819061
-725.2701525878844
-725.2713562481393
-725.2725504370172
-725.2737352276108
-725.274910692739
-725.2760769050379
-725.2772339345029
-725.2783818538966
-725.2795207339335
-725.2806506449949
-725.281771656693
-725.2828838380954
-725.2839872578361
-725.2850819841495
-725.2861680845622
-725.2872456261022
-725.2883136850623
-725.2893743153979
-725.2904265849568
-725.2914705589384
-725.2925063018994
-725.293533877873
-725.2945533505668
-725.2955647829383
-725.2965682377825
-725.2975637772464
-725.2985514629902
-725.2995313562693
-725.3005035178511
-725.3014680078923
-725.3024248863915
-725.3033742125776
-725.3043160458551
-725.305250443912
-725.3061774654964
-725.307097167934
-725.3080096082182
-725.30891484329
-725.309812929445
-725.3107028914515
-725.3115868543194
-725.312463834508
-725.3133338864377
-725.3141970644127
-725.31505342212
-725.3159030129605
-725.3167458897211
-725.3175821051469
-725.3184117111169
-725.3192347594966
-725.3200513016467
-725.3208613884873
-725.3216650703725
-725.3224623976171
-725.323253420102
-725.3240381867853
-725.3248167470833
-725.3255891495826
-725.3263554423088
-725.3271156732211
-725.327869889894
-725.3286181394723
-725.3293604686664
-725.3300969239259
-725.3308275513255
-725.3315523965762
-725.3322715049933
-725.3329849214389
-725.3336926908537
-725.3343948573913
-725.3350914650255
-725.3357814625107
-725.3364670910469
-725.3371472906178
-725.3378221036037
-725.3384915724353
-725.3391557390048
-725.339814644992
-725.3404683315919
-725.3411168400163
-725.3417602107472
-725.3423984842567
-725.3430317005408
-725.3436598993499
-725.344283120104
-725.3449014018629
-725.3455147834785
-725.346123303657
-725.3467270003192
-725.347325911495
-725.3479200749089
-725.3485095276594
-725.349094307042
-725.349674449689
-725.3502499920547
-725.3508209703963
-725.351387420473
-725.3519493780824
-725.3525068785164
-725.353059956694
-725.3536086476445
-725.3541529857235
-725.3546930052645
-725.3552287402432
-725.3557602243558
-725.3562874910776
-725.3568105735932
-725.35732950496
-725.3578443176091
-725.3583550442289
-725.358861716912
-725.3593643674897
-725.35986302794
-725.360357729165
-725.3608485028074
-725.361335379612
-725.3618183903485
-725.362297565482
-725.3627729351747
-725.3632445294107
-725.3637123778774
-725.3641765102885
-725.3646369558309
-725.365093743545
-725.3655469022474
-725.3659964605322
-725.366442446884
-725.3668836455678
-725.3673225817782
-725.367758029854
-725.3681900171382
-725.3686185710416
-725.3690437184698
-725.3694654865093
-725.3698839016126
-725.3702989903992
-725.3707107789369
-725.3711192932776
-725.3715245594273
-725.3719266029533
-725.372325449098
-725.3727211232699
-725.3731136505431
-725.3735030556136
-725.3738893631154
-725.3742725977081
-725.3746527833741
-725.3750299442783
-725.3754041043662
-725.3757752873396
-725.3761435165989
-725.3765088155786
-725.3768712072094
-725.3772307147073
-725.3775873607616
-725.3779411678776
-725.3782921585764
-725.3786403550391
-725.3789857793618
-725.3793284535229
-725.379668399124
-725.3800056378069
-725.380340190889
-725.3806720796493
-725.3810013251386
-725.3813279481839
-725.381651969588
-725.3819734098525
-725.3822922894174
-725.3826086284887
-725.3829224472674
-725.383233765471
-725.3835426030209
-725.383848979433
-725.3841529142302
-725.3844544267944
-725.3847535361242
-725.3850502612719
-725.3853446211797
-725.3856366344233
-725.3859263196788
-725.3862136952836
-725.386498779564
-725.3867815906597
-725.3870621464245
-725.3873404648447
-725.3876165635411
-725.3878904601927
-725.3881621720501
-725.3884317165125
-725.3886991107349
-725.3889643717505
-725.3892275163987
-725.3894885614411
-725.3897475235169
-725.3900044190559
-725.3902592645601
-725.390512076088
-725.3907628698821
-725.3910116618582
-725.3912584678661
-725.391503303636
-725.3917461848549
-725.3919871268744
-725.3922261451653
-725.3924632549107
-725.3926984712366
-725.3929318091486
-725.3931632834979
-725.3933929090437
-725.3936207006186
-725.3938466725396
-725.3940708393401
-725.394293215257
-725.3945138145614
-725.3947326512872
-725.3949497394083
-725.3951650927628
-725.3953787251752
-725.3955906502938
-725.39580088157
-725.3960094325018
-725.3962163164459
-725.396421546548
-725.3966251359417
-725.3968270976779
-725.3970274446698
-725.3972261896753
-725.3974233454592
-725.3976189245794
-725.3978129396435
-725.3980054029287
-725.3981963268761
-725.3983857236091
-725.3985736052879
-725.3987599839242
-725.398944871542
-725.3991282798147
-725.3993102205889
-725.3994907055649
-725.399669746166
-725.399847353972
-725.4000224194556
-725.4001972046158
-725.4003705908067
-725.4005425890108
-725.4007132103585
-725.4008824657067
-725.4010503659756
-725.4012169219266
-725.4013821441762
-725.4015460433949
-725.4017086300906
-725.4018699145977
-725.4020299073621
-725.402188618706
-725.4023460586292
-725.4025022374258
-725.4026571650626
-725.4028108514395
-725.4029633064354
-725.4031145399359
-725.4032645614908
-725.403413380912
-725.4035610076842
-725.4037074512657
-725.4038527211153
-725.4039968265117
-725.4041397767728
-725.4042815811221
-725.4044222486166
-725.4045617882904
-725.4047002091494
-725.4048375201191
-725.404973730008
-725.4051088475621
-725.4052428815412
-725.4053758404849
-725.4055077330381
-725.4056385675937
-725.4057683527172
-725.4058970966472
-725.4060248076546
-725.4061514941226
-725.4062771640437
-725.4064018255865
-725.4065254868137
-725.4066481556449
-725.4067698399741
-725.4068905477131
-725.4070102865762
-725.4071290643433
-725.4072468886595
-725.4073637670443
-725.4074797072045
-725.4075947164305
-725.4077088022642
-725.4078219720403
-725.4079342330192
-725.408045592542
-725.4081560576909
-725.4082656356914
-725.4083743335284
-725.4084821583066
-725.408589116923
-725.4086952163304
-725.4088004633578
-725.4089048648243
-725.4090084274736
-725.4091111579971
-725.4092130630416
-725.4093141491618
-725.4094144229271
-725.4095138908073
-725.4096125592486
-725.4097104345736
-725.4098075232441
-725.4099038314206
-725.4099993653986
-725.4100941312762
-725.4101881353215
-725.4102813834871
-725.410373881856
-725.4104656364921
-725.4105566532158
-725.4106469380362
-725.4107364966634
-725.4108253350398
-725.4109134588397
-725.4110008738069
-725.4110875855835
-725.4111735998096
-725.4112589219933
-725.4113435577619
-725.4114275125613
-725.4115107918134
-725.4115934009455
-725.4116753453054
-725.411756630246
-725.4118372609755
-725.4119172427431
-725.4119965808018
-725.4120752801956
-725.4121533461324
-725.4122307836014
-725.4123075976734
-725.4123837933429
-725.4124593755155
-725.4125343491123
-725.4126087190373
-725.4126824901267
-725.4127556670991
-725.4128282547438
-725.4129002578077
-725.4129716809538
-725.4130425288371
-725.4131128060164
-725.4131825171022
-725.413251666593
-725.4133202590723
-725.413388298878
-725.4134557905348
-725.4135227383765
-725.4135891467746
-725.4136550200476
-725.4137203624854
-725.413785178347
-725.413849471834
-725.4139132471187
-725.4139765084096
-725.4140392597723
-725.4141015048694
-725.4141632481421
-725.4142244936805
-725.4142852454861
-725.4143455074648
-725.4144052836103
-725.4144645777732
-725.41452339382
-725.4145812734498
-725.414639148535
-725.4146965568622
-725.4147535022278
-725.4148099883139
-725.4148660188188
-725.4149215973625
-725.4149767276092
-725.4150314131335
-725.4150856575147
-725.4151394643249
-725.4151928369726
-725.4152457790601
-725.415298293954
-725.415350385147
-725.4154020559965
-725.4154533098924
-725.4155041501526
-725.4155545801472
-725.4156046031503
-725.4156542224184
-725.4157034411934
-725.4157522627022
-725.415800690122
-725.4158487266553
-725.4158963753465
-725.4159436394061
-725.4159905218972
-725.4160370258853
-725.4160831543758
-725.416128910433
-725.4161742970083
-725.416219317109
-725.4162639736579
-725.416308269587
-725.4163522077357
-725.4163957910926
-725.4164390223966
-725.4164819045277
-725.4165244403312
-725.416566632513
-725.4166084838948
-725.4166499971785
-725.4166911750882
-725.4167320203208
-725.4167725355748
-725.4168127234931
-725.4168525867002
-725.416892127783
-725.4169313493717
-725.4169702540288
-725.417008844291
-725.4170471227017
-725.4170850917488
-725.4171227539076
-725.4171601116941
-725.417197167521
-725.4172339238436
-725.4172703830785
-725.4173065475377
-725.4173424196946
-725.4173780018439
-725.4174132963375
-725.4174483055084
-725.4174830315906
-725.4175174769541
-725.4175516437614
-725.417585534318
-725.4176191508036
-725.4176524954735
-725.4176855704862
-725.4177183780362
-725.4177509202576
-725.4177831992704
-725.4178152172292
-725.4178469762305
-725.4178784783263
-725.4179097256243
-725.4179407201856
-725.4179714639959
-725.418001959098
-725.4180322075246
-725.4180622112071
-725.4180919721898
-725.418121492341
-725.4181507736605
-725.4181798180764
-725.4182086274817
-725.4182372037504
-725.4182655488156
-725.4182936644438
-725.4183215526128
-725.4183492150524
-725.4183766536177
-725.4184038700939
-725.4184308663341
-725.4184576440676
-725.4184842050341
-725.4185105510398
-725.4185366837576
-725.4185626049359
-725.4185883162829
-725.4186138194837
-725.4186391162447
-725.4186642081681
-725.4186890969673
-725.4187137842684
-725.4187382716669
-725.4187625607979
-725.4187866532576
-725.4188105506469
-725.4188342545051
-725.4188577664149
-725.418881087938
-725.4189042205728
-725.4189271659066
-725.418949925376
-725.4189725005192
-725.4189948928421
-725.4190171037874
-725.4190391348425
-725.4190609874147
-725.4190826630133
-725.4191041630091
-725.4191254888411
-725.4191466419196
-725.4191676236278
-725.4191884353836
-725.4192090785084
-725.4192295543947
-725.4192498643904
-725.4192700098146
-725.4192899920213
-725.4193098123226
-725.4193294720035
-725.4193489724139
-725.4193683147939
-725.419387500418
-725.4194065305771
-725.4194254065064
-725.4194441294852
-725.4194627007194
-725.4194811214232
-725.4194993928462
-725.4195175161796
-725.4195354926217
-725.4195533233404
-725.4195710095404
-725.4195885523909
-725.4196059530306
-725.4196232126143
-725.4196403322885
-725.4196573131957
-725.4196741564086
-725.419690863081
-725.4197074343251
-725.4197238712159
-725.4197401748282
-725.4197563462759
-725.4197723866009
-725.4197882968467
-725.419804078108
-725.4198197313835
-725.4198352577575
-725.4198506582123
-725.4198659337986
-725.4198810854958
-725.4198961143097
-725.4199110212788
-725.4199258073222
-725.4199404734663
-725.4199550206591
-725.4199694498787
-725.419983762053
-725.4199979581414
-725.4200120391005
-725.4200260058442
-725.4200398592919
-725.4200536003702
-725.420067229993
-725.4200807490441
-725.420094158438
-725.4201074590528
-725.4201206517563
-725.4201337374492
-725.420146716973
-725.4201595911912
-725.4201723609702
-725.4201850271381
-725.4201975905527
-725.4202100520298
-725.4202224123932
-725.4202345167761
-725.4202466786651
-725.4202587418567
-725.4202707071412
-725.42028257536
-725.4202943472659
-725.4203060236435
-725.4203176052578
-725.4203290929086
-725.4203404873203
-725.4203517892521
-725.4203629994689
-725.4203741187011
-725.4203851477095
-725.4203960871953
-725.4204069378753
-725.420417700517
-725.4204283757906
-725.4204389644142
-725.4204494670971
-725.420459884529
-725.4204702173853
-725.4204804664006
-725.4204906322069
-725.4205007154807
-725.4205107169081
-725.4205206371464
-725.4205304768618
-725.4205402366905
-725.4205499172806
-725.4205595192825
-725.4205690433388
-725.4205784900745
-725.4205878601017
-725.4205971540536
-725.4206063725608
-725.4206155162155
-725.4206245856267
-725.4206335813977
-725.4206425041408
-725.4206513544356
-725.4206601328572
-725.4206688399904
-725.4206774764244
-725.4206860427382
-725.4206945394922
-725.4207029672306
-725.4207113265571
-725.4207196179754
-725.4207278420791
-725.4207359993823
-725.4207440904469
-725.420752115801
-725.4207600759726
-725.4207679715083
-725.4207758029202
-725.42078357071
-725.4207912754163
-725.4207989175609
-725.4208064976248
-725.4208140161317
-725.4208214735623
-725.4208288704307
-725.4208362072063
-725.4208434843976
-725.4208507024738
-725.4208578619201
-725.420864963211
-725.4208720068061
-725.4208789931998
-725.420885922838
-725.4208927961773
-725.4208996136956
-725.4209063758179
-725.420913083022
-725.4209197357319
-725.4209263343905
-725.420932879446
-725.4209393713325
-725.4209458104655
-725.4209521972984
-725.4209585322398
-725.4209648157037
-725.4209710481235
-725.420977229903
-725.4209833614668
-725.4209894432086
-725.4209954755299
-725.4210014588433
-725.4210073935425
-725.4210132800234
-725.4210191186601
-725.4210249098625
-725.4210306540208
-725.4210363509583
-725.4210420021401
-725.4210476068724
-725.4210531665918
-725.4210586806006
-725.4210641503416
-725.4210695751159
-725.4210749563157
-725.4210802932794
-725.4210855873769
-725.4210908379599
-725.4210960463703
-725.4211012119656
-725.4211063360754
-725.4211114180433
-725.4211164592022
-725.4211214589175
-725.4211264180154
-725.4211313368056
-725.421136215626
-725.4211410547995
-725.4211458546426
-725.4211506154755
-725.4211553376218
-725.4211600213999
-725.4211646671041
-725.4211692750522
-725.4211738455498
-725.4211783789043
-725.421182875413
-725.4211873353722
-725.4211917590925
-725.4211961468598
-725.4212004989589
-725.4212048156934
-725.4212090973291
-725.421213344174
-725.4212175565018
-725.4212217345922
-725.4212258787215
-725.4212299891653
-725.4212340661982
-725.4212381100905
-725.4212421211262
-725.4212460995502
-725.4212500456362
-725.4212539596386
-725.4212578418393
-725.4212616924765
-725.4212655118124
-725.4212693001044
-725.4212730576003
-725.421276784558
-725.4212804812058
-725.4212841478115
-725.4212877846131
-725.4212913918532
-725.4212949697675
-725.4212985185866
-725.4213020385761
-725.4213055299311
-725.4213089929154
-725.4213124277428
-725.4213158346421
-725.4213192138552
-725.4213225655836
-725.4213258900833
-725.4213291875391
-725.4213324581906
-725.4213357022599
-725.421338919946
-725.4213421114729
-725.4213452770651
-725.4213484169101
-725.4213515312243
-725.4213546202265
-725.421357684116
-725.4213607230838
-725.4213637373483
-725.4213667271113
-725.4213696925652
-725.4213726339046
-725.4213755513347
-725.421378445043
-725.4213813152193
-725.4213841620649
-725.4213869857655
-725.4213897864962
-725.4213925644661
-725.421395319847
-725.4213980528216
-725.4214007635791
-725.4214034522947
-725.4214061191337
-725.4214087643044
-725.421411387972
-725.4214139902962
-725.4214165714573
-725.4214191316347
-725.4214216709892
-725.4214241897071
-725.4214266879401
-725.4214291658592
-725.4214316236213
-725.4214340614079
-725.4214364793742
-725.4214388776733
-725.421441256472
-725.421443615918
-725.4214459561889
-725.4214482774282
-725.4214505797897
-725.4214528634303
-725.421455128498
-725.4214573751565
-725.4214596035351
-725.421461813793
-725.4214640060873
-725.4214661805339
-725.4214683373192
-725.4214704765609
-725.4214725984004
-725.4214747029847
-725.4214767904647
-725.4214788609586
-725.4214809146133
-725.4214829515789
-725.4214849719785
-725.421486975938
-725.4214889636072
-725.4214909351131
-725.4214928905792
-725.4214948301538
-725.4214967539441
-725.4214986620927
-725.4215005547157
-725.4215024319569
-725.4215042939422
-725.4215061407667
-725.4215079725776
-725.4215097894978
-725.4215115916398
-725.4215133791179
-725.4215151520608
-725.4215169105858
-725.4215186548154
-725.4215203848556
-725.4215221008241
-725.4215238028472
-725.4215254910127
-725.4215271654577
-725.4215288262827
-725.4215304736101
-725.4215321075192
-725.4215337281549
-725.4215353356162
-725.4215369299877
-725.421538511402
-725.4215400799487
-725.4215416357439
-725.421543178887
-725.4215447094764
-725.421546227619
-725.4215477334192
-725.4215492269689
-725.4215507083713
-725.4215521777245
-725.4215536351238
-725.4215550806747
-725.421556514467
-725.4215579366065
-725.4215593471748
-725.4215607462645
-725.4215621339869
-725.4215635104122
-725.4215648756385
