-724.8416681181226
-724.9090398441662
-724.9573178455523
-724.9900974645338
-725.0103531885344
-725.0205002644307
-725.0224499967636
-725.0176558757629
-725.0071472734708
-724.991548151747
-724.9710793561994
-724.9455458507088
-724.9143120682187
-724.8762705098062
-724.8298392216345
-724.773143134264
-724.7040687099152
-724.6202488112527
-724.5190445106684
-724.3975601479524
-724.2528258752649
-724.0828834933611
-723.8894604849538
-723.6809920683518
-723.477816813836
-723.3204022879789
-723.2686544489829
-723.3596654894142
-723.5637554591799
-723.8206972703226
-724.0854570895368
-724.333687039395
-724.5540949829896
-724.7429742684178
-724.9015241637156
-725.0337238453138
-725.1439280122527
-725.2361680035975
-725.3139269701451
-725.3801117462476
-725.4371253488855
-725.4870356640382
-725.5313377773299
-725.5709613425818
-725.6065117183023
-725.6384901911144
-725.6674623958222
-725.694044382257
-725.7186123854566
-725.7413910184808
-725.7625135462107
-725.7820367173427
-725.7999405032543
-725.8161107424295
-725.8303025062257
-725.8420815804812
-725.8507407638522
-725.8551867307644
-725.8537920037492
-725.8442051285348
