-724.6500662111376
-724.7331448692264
-724.7909634888732
-724.8295683797093
-724.8538999712098
-724.8678887267496
-724.8745937261258
-724.8763572151787
-724.874952870361
-724.8717136081369
-724.8676318944309
-724.8634311894596
-724.8596106413426
-724.8564669868604
-724.8540739806112
-724.8521933786836
-724.850451252455
-724.8484482227319
-724.8457675536323
-724.8419315986757
-724.8363104335297
-724.8282081827635
-724.8173204403683
-724.8039093908739
-724.7888725898475
-724.7736715594357
-724.7601287617028
-724.7499972383964
-724.7437986623257
-724.7411700347557
-724.7414039234282
-724.7435155867967
-724.7462157472729
-724.7477845354492
-724.7457595930368
-724.7375572451939
-724.7220434531923
-724.7001743360523
-724.6751283746211
-724.651794345177
-724.6353657934011
-724.6284478886839
-724.6299846243925
-724.6356444683256
-724.638199365382
-724.6283828781336
-724.596129806414
-724.5322083860674
-724.430852735654
-724.2916864887003
-724.1204704919187
-723.9294043788695
-723.7362592024787
-723.560304306273
-723.4152793040311
-723.3051613251403
-723.2257899816848
-723.1688664413433
-723.1252346791501
-723.0867246886936
