-725.1142942425925
-725.1142919450361
-725.1142896401722
-725.1142873279492
-725.1142850083507
-725.1142826813608
-725.1142803469295
-725.1142780050678
-725.1142756557018
-725.114273298818
-725.1142709344053
-725.1142685624127
-725.1142661828394
-725.1142637956341
-725.114261400772
-725.1142589982243
-725.114256587974
-725.1142541699733
-725.1142517442165
-725.1142493106515
-725.1142468692619
-725.1142444200128
-725.1142419628811
-725.1142394978358
-725.1142370248378
-725.1142345438724
-725.1142320549119
-725.1142295578957
-725.1142270528271
-725.1142245396604
-725.1142220183789
-725.1142194889304
-725.1142169512988
-725.1142144054544
-725.1142118513525
-725.1142092889793
-725.1142067182881
-725.1142041392648
-725.114201551881
-725.114198956076
-725.1141963518379
-725.1141937391228
-725.11419111791
-725.114188488181
-725.1141858498877
-725.1141832029854
-725.1141805474455
-725.1141778832704
-725.1141752103755
-725.1141725287704
-725.1141698384099
-725.1141671392494
-725.1141644312781
-725.1141617144281
-725.1141589887009
-725.1141562540396
-725.1141535104168
-725.1141507578174
-725.1141479961851
-725.1141452254695
-725.11414244567
-725.11413965674
-725.1141368586606
-725.1141340513672
-725.1141312348283
-725.1141284090451
-725.1141255739361
-725.1141227294911
-725.1141198756785
-725.1141170124439
-725.1141141397675
-725.1141112576187
-725.1141083659335
-725.1141054646939
-725.1141025538824
-725.1140996334294
-725.1140967033256
-725.1140937635023
-725.1140908139587
-725.1140878546207
-725.1140848854839
-725.1140819064898
-725.1140789176098
-725.114075918811
-725.114072910041
-725.1140698912754
-725.1140668624743
-725.1140638235831
-725.1140607745855
-725.1140577154279
-725.1140546460894
-725.1140515665102
-725.1140484766742
-725.1140453764937
-725.1140422659913
-725.1140391451047
-725.1140360137646
-725.114032871977
-725.114029719668
-725.1140265568166
-725.1140233833653
-725.1140201992629
-725.1140170039321
-725.1140137984573
-725.1140105822217
-725.114007354629
-725.114004116762
-725.1140008674469
-725.1139976077717
-725.1139943365664
-725.1139910549356
-725.1139877616756
-725.1139844579221
-725.1139811424334
-725.1139778163655
-725.11397447848
-725.1139711299118
-725.1139677694686
-725.1139643982707
-725.1139610150822
-725.1139576210534
-725.1139542149502
-725.1139507979107
-725.1139473687183
-725.1139439285004
-725.1139404760343
-725.1139370124592
-725.1139335365307
-725.1139300494214
-725.1139265498682
-725.1139230390153
-725.1139195156511
-725.1139159809097
-725.1139124335346
-725.1139088746961
-725.1139053031319
-725.1139017200131
-725.1138981240754
-725.1138945164936
-725.1138908959856
-725.1138872637576
-725.1138836184947
-725.1138799614093
-725.1138762912124
-725.113872609095
-725.1138689137443
-725.113865206399
-725.1138614856953
-725.113857752911
-725.1138540066911
-725.1138502482879
-725.1138464763128
-725.1138426920809
-725.1138388941845
-725.1138350839161
-725.1138312598953
-725.1138274227251
-725.1138235723558
-725.1138197087525
-725.1138158318541
-725.1138119415749
-725.1138080379064
-725.1138041207884
-725.1138001901732
-725.1137962459718
-725.1137922881802
-725.1137883167163
-725.1137843315262
-725.1137803325556
-725.1137763197645
-725.1137722930987
-725.1137682524945
-725.1137641978988
-725.1137601292675
-725.1137560465369
-725.1137519496483
-725.1137478385317
-725.1137437131763
-725.1137395734756
-725.1137354194299
-725.1137312509209
-725.113727067935
-725.1137228704098
-725.1137186582691
-725.113714431477
-725.1137101899559
-725.1137059336502
-725.1137016625291
-725.113697376497
-725.1136930755373
-725.1136887595608
-725.1136844284852
-725.1136800823203
-725.1136757209517
-725.1136713443542
-725.1136669524496
-725.1136625451559
-725.113658122429
-725.1136536842275
-725.1136492304727
-725.1136447611228
-725.1136402760743
-725.1136357753176
-725.1136312587557
-725.1136267263167
-725.1136221779834
-725.1136176136653
-725.113613033315
-725.1136084368222
-725.1136038241741
-725.113599195296
-725.1135945500969
-725.1135898885517
-725.1135852105606
-725.1135805160908
-725.1135758050561
-725.1135710773822
-725.1135663330257
-725.1135615719044
-725.1135567939745
-725.1135519991549
-725.1135471873638
-725.1135423585579
-725.1135375126628
-725.1135326496361
-725.1135277693343
-725.1135228717379
-725.1135179568016
-725.1135130244215
-725.1135080745418
-725.1135031071012
-725.1134981220089
-725.1134931192145
-725.1134880986384
-725.113483060195
-725.1134780038285
-725.1134729294791
-725.1134678374835
-725.1134627265129
-725.1134575977519
-725.1134524507
-725.1134472852867
-725.1134421014701
-725.1134368995686
-725.1134316786582
-725.1134264386873
-725.1134211808355
-725.1134159037649
-725.1134106078231
-725.1134052929245
-725.1133999590156
-725.1133946060023
-725.1133892338123
-725.1133838423723
-725.1133784316007
-725.1133730014271
-725.1133675517701
-725.1133620825525
-725.1133565936882
-725.113351085112
-725.1133455567508
-725.1133400085033
-725.1133344402909
-725.1133288520573
-725.1133232437058
-725.1133176151582
-725.1133119663359
-725.1133062971516
-725.1133006075353
-725.1132948974024
-725.1132891666571
-725.1132834152128
-725.1132776430213
-725.1132718499699
-725.1132660359875
-725.1132602009851
-725.1132543448822
-725.1132484675788
-725.1132425690206
-725.1132366490826
-725.1132307077255
-725.1132247448145
-725.1132187602951
-725.1132127540594
-725.1132067260507
-725.1132006761466
-725.1131946042926
-725.1131885103746
-725.1131823943148
-725.1131762560169
-725.1131700954069
-725.1131639123638
-725.1131577068313
-725.1131514787022
-725.1131452278872
-725.1131389543025
-725.1131326578467
-725.1131263384326
-725.1131199959619
-725.1131136303422
-725.113107241487
-725.1131008293098
-725.1130943936862
-725.1130879345585
-725.1130814518054
-725.1130749453349
-725.1130684150669
-725.1130618608889
-725.1130552827001
-725.1130486804273
-725.1130420539614
-725.113035403202
-725.113028728035
-725.1130220283833
-725.1130153041536
-725.1130085552217
-725.1130017815047
-725.1129949829073
-725.1129881593104
-725.1129813106161
-725.1129744367395
-725.1129675375652
-725.1129606129854
-725.1129536629217
-725.1129466872362
-725.1129396857766
-725.1129326586433
-725.1129256055202
-725.1129185263015
-725.112911421106
-725.1129042895923
-725.112897131745
-725.1128899474398
-725.1128827365898
-725.1128754990652
-725.112868234768
-725.1128609435233
-725.1128536254323
-725.112846280153
-725.112838907673
-725.1128315078155
-725.1128240805672
-725.1128166257847
-725.1128091434117
-725.1128016331927
-725.1127940950447
-725.1127865290176
-725.1127789347465
-725.1127713123085
-725.1127636615485
-725.112756025824
-725.1127483181962
-725.1127405818676
-725.112732816741
-725.1127250226967
-725.1127171995927
-725.1127093473481
-725.1127014658067
-725.1126935548751
-725.1126856144026
-725.1126776443027
-725.1126696444388
-725.1126616146876
-725.1126535549329
-725.1126454650245
-725.1126373448936
-725.1126291943818
-725.1126210133556
-725.1126128017005
-725.1126045593062
-725.1125962860071
-725.1125879817243
-725.1125796463186
-725.1125712796262
-725.1125628815773
-725.1125544519772
-725.1125459907352
-725.1125374977323
-725.112528972802
-725.1125204158435
-725.1125118267179
-725.1125032052925
-725.1124945514074
-725.112485864972
-725.1124771458328
-725.1124683938335
-725.1124596089048
-725.1124507908177
-725.1124419395214
-725.1124330548141
-725.1124241366122
-725.1124151847371
-725.1124061990722
-725.1123971794837
-725.1123881257937
-725.1123790378965
-725.1123699156426
-725.112360758878
-725.1123515675026
-725.112342341329
-725.1123330802121
-725.1123237840516
-725.1123144526485
-725.1123050858881
-725.112295683612
-725.112286245676
-725.1122767719434
-725.1122672622547
-725.1122577164788
-725.1122481344465
-725.1122385159981
-725.112228861029
-725.1122191693544
-725.1122094408116
-725.112199675275
-725.1121898725602
-725.1121800325307
-725.1121701550647
-725.1121602399451
-725.1121502870421
-725.1121402961952
-725.112130267284
-725.1121202001135
-725.1121100945395
-725.1120999503723
-725.1120897674955
-725.1120795457064
-725.1120692848687
-725.1120589848186
-725.1120486454291
-725.112038266454
-725.1120278477869
-725.1120173892306
-725.1120068906464
-725.1119963518854
-725.1119857727512
-725.1119751530313
-725.1119644926482
-725.1119537913511
-725.1119430489997
-725.1119322655102
-725.1119214405428
-725.1119105740604
-725.1118996658337
-725.11188871569
-725.1118777234651
-725.1118666889614
-725.1118556120606
-725.1118444924975
-725.1118333301861
-725.1118221248583
-725.1118108764147
-725.1117995846532
-725.111788249366
-725.11177687035
-725.1117654475079
-725.1117539805606
-725.1117424694236
-725.1117309138273
-725.1117193136205
-725.1117076686173
-725.111695978635
-725.111684243456
-725.1116724629065
-725.1116606368138
-725.1116487649817
-725.1116368472087
-725.1116248832813
-725.1116128730458
-725.1116008162975
-725.1115887128568
-725.1115765624801
-725.1115643649914
-725.1115521202039
-725.1115398279168
-725.1115274879212
-725.1115151000612
-725.1115026640506
-725.111490179755
-725.111477646957
-725.1114650654507
-725.1114524349869
-725.1114397554442
-725.111427026538
-725.1114142481387
-725.1114014199469
-725.111388541871
-725.1113756135395
-725.1113626348873
-725.11134960565
-725.1113365256103
-725.1113233945513
-725.1113102122576
-725.1112969785366
-725.1112836931085
-725.111270355839
-725.1112569664547
-725.1112435247633
-725.1112300305238
-725.1112164835345
-725.1112028835407
-725.1111892303567
-725.1111755237338
-725.111161763468
-725.1111479492936
-725.1111340810246
-725.1111201583988
-725.1111061812212
-725.1110921492324
-725.1110780621696
-725.1110639199419
-725.1110497221663
-725.111035468596
-725.1110211591473
-725.1110067934382
-725.1109923713087
-725.1109778924618
-725.1109633567335
-725.1109487638278
-725.1109341134907
-725.1109194055309
-725.1109046396674
-725.1108898156476
-725.110874933257
-725.1108599922204
-725.110844992288
-725.1108299332861
-725.1108148148397
-725.110799636784
-725.1107843988311
-725.1107691007173
-725.1107537422188
-725.1107383230296
-725.1107228429925
-725.1107073017067
-725.1106916990396
-725.1106760346621
-725.1106603083094
-725.1106445197845
-725.1106286687283
-725.1106127549594
-725.110596778132
-725.1105807380578
-725.110564634394
-725.1105484671652
-725.1105322353346
-725.1105159393354
-725.11049957874
-725.1104831532314
-725.1104666624716
-725.1104501063209
-725.1104334843507
-725.1104167966641
-725.110400042269
-725.1103832214511
-725.110366333639
-725.1103493785721
-725.1103323558574
-725.1103152657192
-725.1102981074571
-725.1102808812796
-725.1102635861354
-725.1102462220407
-725.1102287886044
-725.1102112859534
-725.1101937133681
-725.1101760706591
-725.1101583575569
-725.1101405737462
-725.1101227189401
-725.1101047928291
-725.1100867950855
-725.1100687254345
-725.110050583541
-725.1100323691226
-725.1100140818296
-725.1099957214041
-725.1099772874646
-725.1099587797535
-725.1099401979404
-725.1099215416626
-725.1099028106748
-725.1098840046093
-725.109865123149
-725.1098461659456
-725.1098271327384
-725.1098080231686
-725.1097888368744
-725.1097695735693
-725.1097502299544
-725.109730811554
-725.1097113151619
-725.1096917403684
-725.1096720868924
-725.1096523544262
-725.1096325424988
-725.1096126509553
-725.1095926792415
-725.1095726271952
-725.1095524944152
-725.1095322804607
-725.1095119850835
-725.1094916079148
-725.1094711485421
-725.1094506067484
-725.1094299820455
-725.1094092740666
-725.1093884825364
-725.1093676071042
-725.1093466473127
-725.1093256028902
-725.1093044734054
-725.1092832585308
-725.1092619578875
-725.109240571057
-725.1092190977879
-725.1091975375574
-725.1091758886607
-725.1091541535799
-725.109132330446
-725.1091104189632
-725.1090884186511
-725.1090663291656
-725.1090441501223
-725.1090218811449
-725.1089995218307
-725.1089770717886
-725.1089545306227
-725.108931897936
-725.1089091733147
-725.1088863564141
-725.1088634462442
-725.1088404435344
-725.1088173467023
-725.1087941565304
-725.1087708714476
-725.1087474921723
-725.1087240171887
-725.1087004471896
-725.1086767806112
-725.1086530182204
-725.1086291584546
-725.1086052019591
-725.1085811472615
-725.1085569950276
-725.1085327437122
-725.1085083934796
-725.1084839438065
-725.1084593943148
-725.1084347445947
-725.1084099941722
-725.108385142632
-725.1083601895149
-725.1083351344062
-725.1083099768044
-725.1082847163399
-725.1082593524659
-725.1082338848278
-725.108208312897
-725.108182636298
-725.108156854525
-725.1081309670938
-725.1081049735807
-725.108078873514
-725.1080526664172
-725.1080263518419
-725.1079999292986
-725.1079733983087
-725.1079467584357
-725.107920009181
-725.1078931500504
-725.1078661698751
-725.1078390897991
-725.1078118984012
-725.1077845952234
-725.1077571797581
-725.1077296514737
-725.107702009916
-725.1076742546152
-725.1076463850186
-725.1076184006342
-725.10759030099
-725.107562085561
-725.1075337538371
-725.1075053052764
-725.107476739416
-725.1074480557312
-725.1074192536939
-725.107390332778
-725.1073612924549
-725.1073321322323
-725.1073028515483
-725.1072734498972
-725.1072439267273
-725.1072142815019
-725.107184513708
-725.1071546227853
-725.1071246082249
-725.1070944694163
-725.1070642058899
-725.1070338170301
-725.1070033023116
-725.1069726611936
-725.106941893095
-725.1069109974776
-725.1068799737502
-725.1068488213791
-725.1068175397589
-725.106786128346
-725.1067545865941
-725.1067229138494
-725.1066911095963
-725.1066591732264
-725.1066271041973
-725.106594901883
-725.1065625656954
-725.1065300950388
-725.1064974893443
-725.1064647479591
-725.1064318703591
-725.1063988558955
-725.1063657039593
-725.1063324139764
-725.1062989852893
-725.1062654173164
-725.1062317094206
-725.1061978610213
-725.1061638714419
-725.106129740085
-725.1060954663047
-725.1060610494875
-725.1060264889985
-725.1059917841749
-725.1059569344197
-725.1059219390631
-725.105886797426
-725.105851508922
-725.1058160728563
-725.1057806059262
-725.1057448732458
-725.1057089910285
-725.1056729586409
-725.1056367754072
-725.1056004406131
-725.1055639536324
-725.1055273137687
-725.1054905203245
-725.1054535726582
-725.1054164700687
-725.1053792118317
-725.1053417972463
-725.1053042257048
-725.105266496407
-725.1052286087058
-725.1051905618733
-725.1051523552168
-725.1051139880242
-725.1050754595218
-725.1050367690673
-725.1049979159155
-725.1049588992827
-725.1049197185421
-725.1048803728389
-725.1048408615197
-725.1048011838582
-725.1047613390327
-725.1047213263207
-725.1046811450344
-725.1046407943517
-725.1046002741978
-725.1045595825866
-725.1045187192805
-725.1044776835852
-725.1044364746655
-725.1043950917674
-725.104353534138
-725.1043118009445
-725.1042698914429
-725.1042278048006
-725.104185540229
-725.1041430970171
-725.1041004761069
-725.1040576730582
-725.1040146888954
-725.1039715227841
-725.1039281739035
-725.1038846414469
-725.1038409245831
-725.1037970224645
-725.1037529342599
-725.1037086591705
-725.1036641963165
-725.1036195448802
-725.1035747040039
-725.1035296727841
-725.1034844504526
-725.1034390292593
-725.1033934217626
-725.103347620539
-725.1033016246789
-725.1032554333315
-725.1032090455502
-725.1031624605042
-725.1031156773009
-725.1030686950339
-725.1030215128095
-725.102974129701
-725.1029265448263
-725.1028787572936
-725.102830766145
-725.1027825704547
-725.1027341693253
-725.1026855618375
-725.1026367470425
-725.1025877239684
-725.10253849172
-725.1024890493374
-725.1024393958935
-725.1023895303614
-725.1023394518216
-725.1022891593118
-725.1022386518953
-725.1021879284868
-725.1021369882271
-725.1020858300659
-725.1020344530548
-725.101982856143
-725.1019310384074
-725.1018789987978
-725.1018267363028
-725.1017742499066
-725.1017215386196
-725.1016686013884
-725.1016154372124
-725.1015620450484
-725.101508423792
-725.1014545725398
-725.1014004901778
-725.1013461755787
-725.1012916278415
-725.1012368457345
-725.1011818282753
-725.101126574427
-725.1010710830111
-725.1010153530535
-725.1009593833865
-725.1009031729347
-725.1008467206505
-725.1007900253571
-725.1007330859549
-725.1006759013571
-725.1006184704567
-725.1005607920855
-725.1005028651081
-725.10044468841
-725.1003862608752
-725.100327581345
-725.1002686486062
-725.1002094615807
-725.1001500190798
-725.1000903198766
-725.1000303628101
-725.099970146769
-725.0999096705285
-725.0998489328794
-725.0997879326379
-725.0997266686252
-725.099665139521
-725.0996033442408
-725.0995412814839
-725.0994789501126
-725.0994163487493
-725.0993534762705
-725.0992903313294
-725.0992269127623
-725.0991632193151
-725.099099249696
-725.0990350025706
-725.0989704767823
-725.0989056708875
-725.0988405837867
-725.0987752140668
-725.0987095604326
-725.0986436215876
-725.0985773962507
-725.0985108830079
-725.0984440806219
-725.0983769877777
-725.0983096030664
-725.0982419251391
-725.0981739526303
-725.0981056842654
-725.0980371186091
-725.0979682542783
-725.0978990899816
-725.0978296241453
-725.0977598555752
-725.0976897828137
-725.0976194043433
-725.0975487189046
-725.0974777249606
-725.0974064211484
-725.0973348059948
-725.097262878108
-725.0971906359313
-725.0971180781746
-725.0970452032279
-725.0969720096406
-725.0968984959192
-725.0968246606819
-725.0967505023643
-725.096676019488
-725.0966012105264
-725.0965260739514
-725.0964506081863
-725.0963748118489
-725.0962986833332
-725.09622222101
-725.0961454234414
-725.0960682889981
-725.0959908161951
-725.0959130033116
-725.0958348488392
-725.0957563511979
-725.0956775088115
-725.0955983200339
-725.0955187832392
-725.0954388968062
-725.0953586591918
-725.095278068569
-725.0951971234393
-725.095115822092
-725.0950341628743
-725.0949521441274
-725.09486976415
-725.094787021246
-725.0947039137571
-725.0946204398923
-725.0945365980104
-725.0944523863224
-725.0943678032332
-725.0942828468951
-725.0941975154626
-725.094111807366
-725.0940257207295
-725.0939392912358
-725.0938524424099
-725.0937652096721
-725.0936775913128
-725.0935895854251
-725.0935011902573
-725.0934124039079
-725.0933232246301
-725.093233650499
-725.0931436796875
-725.0930533103094
-725.0929625405558
-725.0928713684415
-725.0927797921519
-725.0926879921169
-725.0925956023333
-725.0925028025949
-725.0924095909551
-725.0923159655405
-725.0922219242785
-725.0921274653409
-725.092032586611
-725.0919372862171
-725.0918415620428
-725.0917454122506
-725.0916488347222
-725.0915518273972
-725.091454388363
-725.0913565154283
-725.091258206683
-725.0911594599804
-725.0910602732805
-725.0909606449015
-725.0908605714172
-725.0907600525932
-725.0906590478065
-725.0905576290769
-725.0904557575373
-725.0903534312997
-725.0902506479464
-725.0901474055167
-725.0900437016121
-725.0899395342242
-725.0898349010442
-725.0897297999609
-725.0896242285999
-725.0895181847992
-725.0894116663072
-725.0893046708711
-725.0891971961619
-725.0890892399401
-725.0889808000132
-725.0888718738937
-725.0887624593685
-725.0886525539863
-725.088542155486
-725.0884312615643
-725.0883198697509
-725.0882079778165
-725.0880955831883
-725.0879826834912
-725.0878692764194
-725.0877553594594
-725.087640930242
-725.0875259862137
-725.0874105249138
-725.0872945439404
-725.0871780407293
-725.0870610129259
-725.0869434577718
-725.0868253729332
-725.0867067556114
-725.0865876035566
-725.0864679140042
-725.0863476845035
-725.0862269123578
-725.086105594991
-725.0859837298353
-725.0858613735206
-725.0857384051338
-725.085614880944
-725.0854907982632
-725.0853661543903
-725.0852409466574
-725.0851151722372
-725.0849888285408
-725.0848619126914
-725.0847344220315
-725.0846063536935
-725.0844777049824
-725.0843484729622
-725.0842186549283
-725.0840882479083
-725.0839572492331
-725.0838256559265
-725.0836934651122
-725.0835606738736
-725.0834272793521
-725.0832932785696
-725.0831586686667
-725.0830234466155
-725.0828876094464
-725.0827511542237
-725.0826140778596
-725.0824763774161
-725.0823380498406
-725.0821990920192
-725.0820595009118
-725.081919273512
-725.0817784066459
-725.0816368972098
-725.0814947421009
-725.0813518730338
-725.0812084163736
-725.0810643046942
-725.0809195344735
-725.0807741028478
-725.0806280060693
-725.0804812415448
-725.0803338054309
-725.080185694925
-725.080036906288
-725.0798874364915
-725.079737282094
-725.0795864397766
-725.079434906175
-725.079282677917
-725.0791297513217
-725.0789761233619
-725.0788217902954
-725.078666748994
-725.0785109957516
-725.0783545269148
-725.0781973391651
-725.0780394290717
-725.0778807929647
-725.0777214271105
-725.077561328208
-725.0774004925013
-725.0772389161929
-725.0770765958708
-725.0769135278223
-725.0767497084148
-725.0765851337378
-725.0764198002046
-725.0762537040067
-725.0760868414965
-725.0759192086894
-725.0757508018169
-725.0755816172465
-725.0754118685584
-725.0752411174457
-725.0750695770737
-725.0748972430696
-725.074724111959
-725.074550179472
-725.0743754418334
-725.0741998950538
-725.074023534946
-725.0738463575142
-725.0736683587331
-725.0734895345964
-725.0733098808529
-725.0731293934853
-725.0729480682309
-725.072765901007
-725.0725828875501
-725.0723990237567
-725.0722143052004
-725.0720287277911
-725.0718422871604
-725.0716549789719
-725.0714667989722
-725.0712777426854
-725.071087805879
-725.0708969840307
-725.0707052727678
-725.0705126675637
-725.0703191639636
-725.0701247575422
-725.0699294436663
-725.0697332179128
-725.0695360755441
-725.0693380120789
-725.069139022855
-725.0689391031309
-725.0687382484333
-725.0685364538004
-725.0683337147763
-725.0681300263501
-725.0679253838633
-725.0677197825123
-725.0675132174247
-725.0673056837838
-725.0670971765919
-725.066887691188
-725.0666772223575
-725.0664657652634
-725.0662533148061
-725.066039866109
-725.0658254140146
-725.0656099534276
-725.0653934792913
-725.0651759865358
-725.0649574699319
-725.0647379241558
-725.0645173440844
-725.064295724554
-725.0640730602336
-725.0638493456844
-725.0636245757483
-725.0633987450385
-725.0631718479124
-725.0629438792996
-725.0627148334315
-725.0624847050419
-725.062253488472
-725.0620211781691
-725.0617877686327
-725.0615532542893
-725.0613176292578
-725.0610808881859
-725.0608430250641
-725.0606040343127
-725.060363910136
-725.0601226467024
-725.0598802382463
-725.0596366787288
-725.0593919624171
-725.0591460832683
-725.0588990353832
-725.0586508126778
-725.058401409227
-725.0581508188571
-725.0578990354871
-725.0576460529954
-725.0573918652228
-725.057136465936
-725.0568798488068
-725.0566222449852
-725.0563631742801
-725.0561028669254
-725.0558413163405
-725.0555785162823
-725.0553144601816
-725.0550491415511
-725.0547825539122
-725.0545146906555
-725.054245545151
-725.0539751107318
-725.0537033807432
-725.0534303485732
-725.0531560274028
-725.0528803701964
-725.0526033902264
-725.0523250806876
-725.0520454346516
-725.051764445156
-725.0514821051337
-725.051198407614
-725.0509133455671
-725.0506269116981
-725.0503390989727
-725.0500499001805
-725.049759307969
-725.0494673152192
-725.0491739144542
-725.0488790983459
-725.0485828595592
-725.0482851904655
-725.0479860644446
-725.0476855124772
-725.0473835077405
-725.0470800424389
-725.0467751089444
-725.0464686997379
-725.0461608067094
-725.0458514222602
-725.0455405385372
-725.0452281475319
-725.0449142413374
-725.0445988120083
-725.0442818514814
-725.0439633515789
-725.0436433042366
-725.0433217012729
-725.0429985343617
-725.0426737953111
-725.0423474758543
-725.0420195674618
-725.0416900617546
-725.0413589502731
-725.0410262245773
-725.0406918757267
-725.0403558955679
-725.040018275122
-725.0396790057515
-725.039338078684
-725.0389954849578
-725.0386512157074
-725.0383052622012
-725.0379576152075
-725.0376082659056
-725.0372574539954
-725.036904673103
-725.0365501623851
-725.0361939123391
-725.035835913866
-725.0354761566048
-725.0351146327755
-725.0347513313621
-725.0343862442617
-725.0340193604545
-725.033650670874
-725.0332801659946
-725.0329078359338
-725.0325336708906
-725.0321576608526
-725.0317797961023
-725.0314000663341
-725.0310184616661
-725.0306349719837
-725.0302495867965
-725.0298622962725
-725.0294730896559
-725.0290819567955
-725.028688887407
-725.0282938705782
-725.0278968960749
-725.0274979530268
-725.0270970307206
-725.0266941186188
-725.0262892056405
-725.0258822809453
-725.0254733335563
-725.0250623526252
-725.0246493267026
-725.0242342448355
-725.0238170959452
-725.0233978683542
-725.0229765508183
-725.0225531319354
-725.0221276000807
-725.0216999437561
-725.0212701513012
-725.0208382122922
-725.0204041121413
-725.0199678403336
-725.0195293848708
-725.0190887340399
-725.0186458754363
-725.0182007969352
-725.0177537418115
-725.0173041874582
-725.016852376358
-725.0163982957636
-725.0159419333254
-725.0154832762742
-725.0150223119874
-725.014559027591
-725.0140934102038
-725.0136254467411
-725.0131551244378
-725.0126824300155
-725.0122073500806
-725.0117298717469
-725.0112499812803
-725.0107676653676
-725.0102829105201
-725.0097957029285
-725.0093060290865
-725.0088138749902
-725.0083192269054
-725.0078220707882
-725.0073223925257
-725.0068201780495
-725.0063154131487
-725.0058080832601
-725.0052981741895
-725.0047856713478
-725.0042705600175
-725.0037528255658
-725.0032324533064
-725.0027094281668
-725.0021837351453
-725.0016553593356
-725.0011242854243
-725.0005904980845
-725.0000539820644
-724.9995147217809
-724.9989727018041
-724.9984281734347
-724.9978805874246
-724.9973301941124
-724.9967769778972
-724.9962209222648
-724.9956620112188
-724.9951002283851
-724.9945355575313
-724.9939679819589
-724.9933974852014
-724.9928240505171
-724.9922476608916
-724.9916684349812
-724.9910860836707
-724.9905007262317
-724.9899123452828
-724.9893209236582
-724.9887264435928
-724.988128887465
-724.9875282378166
-724.9869244764124
-724.98631758538
-724.9857075467874
-724.9850943422127
-724.9844779533986
-724.9838583618067
-724.9832355489367
-724.9826094960115
-724.9819801842477
-724.9813475946424
-724.9807117080734
-724.9800725053427
-724.9794299672182
-724.9787843473449
-724.9781350802568
-724.9774824188892
-724.9768263432951
-724.9761668333281
-724.9755038691459
-724.9748374302876
-724.9741674964044
-724.9734940469825
-724.9728170612343
-724.9721365184055
-724.9714523973405
-724.9707646771469
-724.970073336492
-724.9693783539423
-724.9686797078272
-724.9679773768315
-724.9672713387562
-724.9665615716585
-724.9658480533524
-724.9651307617708
-724.9644096743177
-724.9636847683624
-724.9629560212264
-724.9622234099079
-724.9614869113134
-724.9607465022763
-724.9600021593615
-724.9592541352562
-724.9585018542002
-724.9577455681791
-724.9569852529197
-724.9562208843118
-724.955452438009
-724.9546798892792
-724.9539032135617
-724.9531223860204
-724.9523373812373
-724.9515481740834
-724.9507547394528
-724.9499570423908
-724.9491550780617
-724.9483488079297
-724.947538206072
-724.9467232457447
-724.9459039007259
-724.9450801441238
-724.9442519493131
-724.9434192890056
-724.9425821364935
-724.9417404638308
-724.9408942438723
-724.9400437288626
-724.9391883308098
-724.9383283013628
-724.93746361171
-724.9365942337283
-724.9357201380392
-724.9348413035832
-724.9339576845354
-724.9330692595029
-724.932175999051
-724.9312778729051
-724.9303748510189
-724.9294669029317
-724.9285539980912
-724.9276361053917
-724.926713194161
-724.9257852329695
-724.9248521900162
-724.923914034026
-724.9229707325404
-724.9220222532729
-724.9210688544882
-724.920109922455
-724.9191457145339
-724.9181761979895
-724.9172013385995
-724.9162211033541
-724.9152354575972
-724.914244367491
-724.9132477986508
-724.9122457163979
-724.9112380852766
-724.9102248706546
-724.9092060366071
-724.9081815474516
-724.9071513671032
-724.9061154594324
-724.9050737874562
-724.9040263147178
-724.9029730036827
-724.9019141127472
-724.9008490127303
-724.899777961478
-724.8987009204736
-724.8976178511689
-724.896528714533
-724.8954334714474
-724.8943320825575
-724.8932245077971
-724.8921107072057
-724.8909906404513
-724.8898642667978
-724.8887315450543
-724.8875924338699
-724.8864468915749
-724.8852948759653
-724.8841363450191
-724.8829715697844
-724.8817998788821
-724.8806215429331
-724.8794365183403
-724.8782447611928
-724.8770462271583
-724.8758408713647
-724.874628648388
-724.8734095133791
-724.8721834203506
-724.8709503225678
-724.8697101740244
-724.8684629271559
-724.8672085351749
-724.8659469500151
-724.8646781237376
-724.8634023162155
-724.86211886078
-724.860828017251
-724.8595297360874
-724.8582239670992
-724.8569106598615
-724.8555897631663
-724.854261225857
-724.852924996089
-724.8515810216845
-724.8502292498254
-724.8488696277682
-724.8475021015959
-724.8461266176591
-724.8447434400518
-724.8433518752096
-724.8419521873737
-724.840544321015
-724.839128219872
-724.8377038269539
-724.8362710850437
-724.8348299366279
-724.8333803231573
-724.8319221859001
-724.8304554657826
-724.8289801030281
-724.827496037159
-724.8260035339757
-724.8245018773789
-724.8229913337882
-724.8214718404494
-724.8199433344399
-724.8184057526223
-724.8168590303831
-724.8153031035268
-724.8137379065835
-724.8121633737316
-724.8105794387723
-724.808986034807
-724.8073834238862
-724.8057708756411
-724.8041486533606
-724.8025166878308
-724.8008749088567
-724.7992232455236
-724.7975616266185
-724.7958899803749
-724.7942082336278
-724.7925163135126
-724.7908141457502
-724.7891020198934
-724.7873791290642
-724.7856457641898
-724.7839018482945
-724.7821473038609
-724.7803820527578
-724.7786060156621
-724.7768191131821
-724.7750212645925
-724.773212388306
-724.7713924026245
-724.7695615885704
-724.7677191304563
-724.7658653112301
-724.7640000457623
-724.762123247489
-724.7602348300029
-724.7583347048892
-724.7564227834405
-724.7544989760859
-724.7525631923813
-724.7506156988328
-724.748655682315
-724.7466834122114
-724.7446987938832
-724.7427017319955
-724.7406921305021
-724.7386698921171
-724.7366349189413
-724.7345871112145
-724.7325267599892
-724.7304529766188
-724.7283660548219
-724.7262658925392
-724.7241523823525
-724.722025422447
-724.7198849015188
-724.7177307137683
-724.7155627502049
-724.713381277524
-724.711185424117
-724.7089754599752
-724.7067512711983
-724.7045127427767
-724.7022597581445
-724.6999921994599
-724.6977099476736
-724.6954132917739
-724.6931012841638
-724.6907742177563
-724.6884319679522
-724.6860744093324
-724.6837014137053
-724.6813128528862
-724.6789085968367
-724.6764889570935
-724.6740529028355
-724.6716007519778
-724.6691323678676
-724.6666476124512
-724.664146345765
-724.6616284263771
-724.6590937113901
-724.6565424748188
-724.6539737220621
-724.6513877328357
-724.6487843568685
-724.6461634420602
-724.6435248342193
-724.6408683779872
-724.638194366977
-724.6355017266899
-724.6327907571296
-724.630061295139
-724.6273131745759
-724.6245462270324
-724.6217602826539
-724.6189555824707
-724.6161311132291
-724.613287119658
-724.6104234287244
-724.6075398527398
-724.6046362140314
-724.6017127622796
-724.5987684176768
-724.5958034371253
-724.5928176302758
-724.5898108003139
-724.5867827490489
-724.5837337466209
-724.5806626295497
-724.5775696769989
-724.5744546788073
-724.5713174225533
-724.5681576923841
-724.5649757746149
-724.5617704216612
-724.5585419288353
-724.5552900686437
-724.5520146101996
-724.5487153197738
-724.5453924036613
-724.5420447177478
-724.5386724766664
-724.5352754330211
-724.5318533358778
-724.5284063992476
-724.5249334115898
-724.5214345942657
-724.5179096856657
-724.5143584128035
-724.5107810023995
-724.5071761642641
-724.5035441335713
-724.4998846256045
-724.4961973523511
-724.4924825476724
-724.4887388412076
-724.4849664783968
-724.4811651546321
-724.4773345607099
-724.4734749397345
-724.4695848374076
-724.4656645101312
-724.4617136312008
-724.4577318696739
-724.4537193533541
-724.4496747935729
-724.4455983283591
-724.4414896086433
-724.4373487648037
-724.4331744450467
-724.4289667916046
-724.4247254355046
-724.4204505111442
-724.4161405990133
-724.4117958481676
-724.4074158687969
-724.4030007996246
-724.3985491531821
-724.3940610818786
-724.3895361774285
-724.3849745822304
-724.3803747387548
-724.3757368054022
-724.3710603540281
-724.3663455324827
-724.3615907109579
-724.3567960550645
-724.3519611171132
-724.3470860516003
-724.342169155459
-724.337210603796
-724.3322099293825
-724.3271671293165
-724.3220807669607
-724.3169508540685
-724.3117773900834
-724.3065588933949
-724.3012953785657
-724.2959868530334
-724.2906317868965
-724.2852302045854
-724.2797821167507
-724.2742859518328
-724.2687417419621
-724.2631495064248
-724.2575076301343
-724.2518161562934
-724.2460751160144
-724.2402828519267
-724.2344394221219
-724.228544873153
-724.2225975067995
-724.2165973988821
-724.2105446136899
-724.2044374174907
-724.1982759070173
-724.1920601644468
-724.1857884446518
-724.1794608442628
-724.1730774919655
-724.1666365859636
-724.1601382806359
-724.1535827349911
-724.1469681155805
-724.1402946207144
-724.1335624385724
-724.1267697275769
-724.1199167266958
-724.1130036728189
-724.1060287089136
-724.0989921280071
-724.0918942199442
-724.0847331249118
-724.0775091958167
-724.0702225355014
-724.0628718001997
-724.0554576393846
-724.0479787254277
-724.0404357646984
-724.032827450207
-724.025154550137
-724.0174157832819
-724.0096119896175
-724.0017419121294
-723.9938064570672
-723.9858044078507
-723.9777367474973
-723.9696022995661
-723.9614021282299
-723.9531351038318
-723.9448023771265
-723.9364028691413
-723.9279378233534
-723.9194062179401
-723.9108093945632
-723.9021463903484
-723.8934186493927
-723.8846252797863
-723.8757678300304
-723.866845482807
-723.8578598971528
-723.8488103331579
-723.8396985655532
-723.8305239384018
-723.8212883427445
-723.8119912105093
-723.8026345576129
-723.7932179041243
-723.7837433840881
-723.7742106161411
-723.7646218572411
-723.7549768229524
-723.7452778844179
-723.7355248752556
-723.7257202764365
-723.7158639866678
-723.705958672678
-723.6960042945167
-723.6860035944582
-723.6759566761889
-723.6658663687091
-723.6557327927025
-723.645559063942
-723.6353452851672
-723.625094522645
-723.614807129363
-723.6044861816254
-723.5941320989643
-723.583748006359
-723.5733343814032
-723.5628943801643
-723.5524285183727
-723.5419399656688
-723.5314292608602
-723.5208995153396
-723.5103512862336
-723.4997874872489
-723.4892094467531
-723.4786193825898
-723.4680181100643
-723.457408608237
-723.4467913618812
-723.4361692422667
-723.4255427389517
-723.4149145863927
-723.404285231164
-723.3936571725577
-723.3830314163511
-723.3724100494285
-723.361793795891
-723.3511853644395
-723.3405838695049
-723.3145373727381
-723.3194218015503
-723.3088626196425
-723.2983220327906
-723.2878047176827
-723.2773147364084
-723.2668591074391
-723.2564451478584
-723.2460841092862
-723.2357897057424
-723.2255820302859
-723.215488257054
-723.205549312884
-723.1958278445519
-723.1864350439113
-723.1776150947077
-723.1704330771624
-723.1649925946898
-723.1603251578323
-723.1561525568619
-723.1523586025971
-723.1488741098809
-723.1456516181651
-723.1426555901456
-723.1398582826046
-723.1372368786809
-723.1343314822335
-723.1360547378196
-723.1378189630876
-723.1396255890045
-723.1414760007385
-723.1433715392682
-723.1453135030627
-723.1473031514603
-723.1493417071339
-723.1514303578315
-723.1535702595863
-723.1557625387128
-723.1580082934693
-723.1603085965991
-723.1626644972338
-723.1650770223297
-723.1675471787262
-723.170075954058
-723.1726643186872
-723.1753133236907
-723.1780237031704
-723.1807964895189
-723.1836325946366
-723.1865329178722
-723.1894983475563
-723.1925297618629
-723.1956280286688
-723.1987940064848
-723.202028544233
-723.2053324821394
-723.2087066509101
-723.2121518717851
-723.215669278114
-723.2192590195062
-723.2229222175454
-723.2266596531988
-723.2304720956323
-723.2343603014824
-723.2383250156038
-723.2423669685085
-723.2464868769796
-723.2506857057878
-723.2549636021838
-723.259321508888
-723.2637600760871
-723.2682799347006
-723.2728816953964
-723.2775659473912
-723.2823332576078
-723.287184385635
-723.2921194003635
-723.2971390256978
-723.3022437260358
-723.3074339369055
-723.3127100642852
-723.3180726138788
-723.3235216503789
-723.3290576283042
-723.3346808220148
-723.3403914690473
-723.346189769566
-723.3520759639244
-723.3580499982736
-723.3641120521409
-723.370262148206
-723.3765003005655
-723.3828264767697
-723.3892405370905
-723.3957423778254
-723.4023318147443
-723.4090086171947
-723.4157724585483
-723.422623080574
-723.4295600818142
-723.4365830337504
-723.4436913730436
-723.4508847190715
-723.4581624261651
-723.4655238617662
-723.4729682048609
-723.4804949678658
-723.4881032486153
-723.4957922062418
-723.5035607547193
-723.5114083097425
-723.5193337072952
-723.5273357199807
-723.5354135894373
-723.5435660076005
-723.5517915614757
-723.5600894126115
-723.5684580730609
-723.5768959488739
-723.5854021321386
-723.5939749607854
-723.6026126675317
-723.6113142864781
-723.6200779901167
-723.6289018483379
-723.6377848495022
-723.6467250121282
-723.6557202545224
-723.6647695340415
-723.6738707291713
-723.6830216204754
-723.6922211493968
-723.7014670691159
-723.7107570387989
-723.720090000189
-723.7294635972152
-723.7388753861203
-723.7483243235678
-723.757807963382
-723.7673237772909
-723.7768707532936
-723.7864463738422
-723.7960480461596
-723.8056748044631
-723.8153240798105
-723.8249932245664
-723.8346813448428
-723.8443858405856
-723.8541040494756
-723.8638351420373
-723.873576507032
-723.8833254771143
-723.8930813115685
-723.9028414058945
-723.9126031074185
-723.9223657749602
-723.9321268293178
-723.9418836515903
-723.9516357090009
-723.9613804655754
-723.9711153521613
-723.980839952462
-723.9905517906194
-724.0002483620611
-724.0099293741141
-724.0195924238466
-724.0292350863037
-724.0388571958387
-724.0484564353408
-724.0580304725752
-724.0675792706551
-724.0771006096537
-724.0865922592673
-724.096054312573
-724.1054846552869
-724.1148811685994
-724.1242440739561
-724.1335713706285
-724.1428610562938
-724.1521134788898
-724.161326756235
-724.1704990082445
-724.1796306994345
-724.1887200757469
-724.1977653805718
-724.2067672007049
-724.2157239002969
-724.2246338499872
-724.2334977470076
-724.2423140788502
-724.2510813425154
-724.2598003383883
-724.2684696779055
-724.2770879820466
-724.2856561462681
-724.2941729031086
-724.302636994817
-724.311049404232
-724.3194089812587
-724.3277145850564
-724.3359672785941
-724.3441660234463
-724.352309792534
-724.3603997181252
-724.3684348698375
-724.3764143277452
-724.3843392855948
-724.3922089152256
-724.400022397464
-724.4077809795524
-724.4154839281169
-724.4231305199048
-724.4307220408384
-724.4382578522691
-724.4457373193482
-724.4531617696155
-724.4605306418669
-724.4678433818382
-724.4751013468589
-724.4823040511013
-724.4894510152717
-724.4965436180978
-724.5035814422458
-724.5105640771017
-724.5174929161428
-724.5243676053335
-724.531187794025
-724.5379548857447
-724.5446685825199
-724.5513285873149
-724.5579363089774
-724.5644914975894
-724.570993906979
-724.5774449424786
-724.583844399613
-724.5901920744183
-724.5964893670639
-724.6027361110328
-724.6089321404932
-724.6150788451264
-724.6211760920703
-724.6272237484411
-724.6332231902987
-724.6391743135131
-724.6450770128521
-724.6509326483293
-724.6567411399901
-724.6625028857308
-724.6682176443552
-724.673887077442
-724.6795109708398
-724.685089730134
-724.6906231440587
-724.6961128333508
-724.7015586095621
-724.7069608811478
-724.7123194614618
-724.7176359266606
-724.7229101092023
-724.7281424159333
-724.7333326805486
-724.7384824317453
-724.7435915195031
-724.7486603448415
-724.7536887571789
-724.7586782378525
-724.7636286492701
-724.7685403847609
-724.7734133053049
-724.7782488447478
-724.7830468744513
-724.7878077776954
-724.7925314240134
-724.7972192002684
-724.8018709840042
-724.8064871467867
-724.8110675643188
-724.8156135763574
-724.8201250645635
-724.8246023875666
-724.8290454261403
-724.8334554726086
-724.8378324115105
-724.8421765886184
-724.8464878861488
-724.8507675518249
-724.8550154711156
-724.8592319751756
-724.8634173925761
-724.8675714922807
-724.8716956933594
-724.8757897699478
-724.8798540358971
-724.8838888002023
-724.8878938385304
-724.8918705064605
-724.8958185818802
-724.899738360751
-724.9036301352526
-724.9074936848859
-724.9113303040983
-724.9151397750503
-724.9189223751081
-724.9226783798448
-724.9264075733313
-724.9301111904936
-724.9337890163218
-724.9374413123189
-724.9410683366145
-724.9446698779719
-724.9482471137529
-724.9517998332175
-724.9553282813314
-724.9588327000084
-724.9623128820322
-724.9657699508349
-724.9692036984594
-724.9726143549103
-724.9760021469767
-724.979366871844
-724.9827095999511
-724.9860301275833
-724.9893286703366
-724.9926054409215
-724.9958606488673
-724.9990940128763
-725.0023067107916
-725.0054984602551
-725.0086694611762
-725.011819910021
-725.0149500010723
-725.018059462472
-725.0211494069626
-725.0242195620457
-725.0272701120285
-725.0303012394073
-725.0333131236312
-725.036305503481
-725.0392794291619
-725.0422346380258
-725.0451713011486
-725.0480895870667
-725.050989662576
-725.0538712773692
-725.0567354209849
-725.0595818418922
-725.0624106984494
-725.0652221474617
-725.0680163434091
-725.0707930464246
-725.0735531899645
-725.0762965329124
-725.0790232224656
-725.0817334036549
-725.0844272205755
-725.087104814634
-725.0897658958127
-725.092411461145
-725.0950412192813
-725.0976553054409
-725.1002538527746
-725.1028369937002
-725.105404858498
-725.107957173643
-725.110494869289
-725.1130176710516
-725.1155257029478
-725.1180190881922
-725.1204979482155
-725.1229624031282
-725.1254121967064
-725.1278481949687
-725.1302701403941
-725.1326781476181
-725.1350723302352
-725.1374527999149
-725.1398196681076
-725.1421730440815
-725.1445126390292
-725.1468393538504
-725.1491528981553
-725.1514533770164
-725.1537408940412
-725.1560155515167
-725.1582774510359
-725.1605266930623
-725.162763011061
-725.1649872339314
-725.1671990939526
-725.1693986871297
-725.1715861081913
-725.1737614516336
-725.1759248101143
-725.1780762749162
-725.1802156027521
-725.1823435539853
-725.1844598840976
-725.1865646788895
-725.1886580283522
-725.1907400163494
-725.1928107306886
-725.1948702538238
-725.1969186707487
-725.1989557192186
-725.2009821724886
-725.2029977619302
-725.2050025759314
-725.2069966856637
-725.2089801788709
-725.2109531252111
-725.2129156099979
-725.214867701569
-725.2168091707942
-725.2187407110914
-725.2206620908821
-725.2225733765125
-725.2244746480078
-725.2263659704392
-725.228247422159
-725.2301190669745
-725.2319809817935
-725.2338332287727
-725.2356755712711
-725.2375086960036
-725.2393323633536
-725.2411466349253
-725.2429515822494
-725.244747265169
-725.2465337540094
-725.2483111079348
-725.2500793926532
-725.2518386718214
-725.2535887284606
-725.2553301864959
-725.2570628220362
-725.2587866980037
-725.2605018751358
-725.2622084129708
-725.2639063706642
-725.2655958067045
-725.2672767790784
-725.2689493456649
-725.2706135629289
-725.2722692155339
-725.2739169042565
-725.2755564116576
-725.2771877930584
-725.2788111029483
-725.2804263947852
-725.2820337227095
-725.2836331393518
-725.2852246974334
-725.286808449092
-725.2883844458568
-725.2899527391638
-725.2915131201756
-725.2930661585347
-725.2946116444268
-725.2961496270399
-725.2976801556426
-725.2992032784957
-725.3007190436989
-725.3022274994468
-725.3037286928195
-725.3052226708155
-725.3067094798507
-725.3081891660901
-725.3096617755938
-725.311127111067
-725.3125857030265
-725.3140373529034
-725.3154821049827
-725.3169200033294
-725.3183510912769
-725.3197754116607
-725.3211930076745
-725.3226039214833
-725.3240081952665
-725.3254058707058
-725.3267969892028
-725.3281815916721
-725.3295597188643
-725.3309311902276
-725.3322964884759
-725.3336554315287
-725.3350080589291
-725.3363544095577
-725.337694522297
-725.3390284353126
-725.3403561868929
-725.3416778146483
-725.3429933564605
-725.3443028493949
-725.3456063300523
-725.3469038354768
-725.34819540162
-725.3494810648326
-725.3507606630509
-725.3520346277164
-725.3533027957338
-725.354565202147
-725.355821881285
-725.3570728677614
-725.3583181955411
-725.3595578981231
-725.3607920095003
-725.3620205628263
-725.3632435911406
-725.3644611271689
-725.3656732033899
-725.3668798524163
-725.3680811056682
-725.3692769953275
-725.3704673798644
-725.3716526375674
-725.372832625398
-725.3740073743226
-725.3751769149047
-725.3763412773455
-725.3775004919701
-725.3786545884425
-725.3798035965343
-725.3809475457668
-725.3820864651477
-725.3832203838156
-725.3843493305837
-725.3854733338619
-725.3865924220977
-725.3877066233744
-725.3888159656063
-725.3899204767105
-725.3910200281393
-725.3921149599739
-725.3932051423336
-725.3942906023444
-725.3953713665467
-725.3964474616137
-725.397518913704
-725.3985857490011
-725.3996479934682
-725.4007056727801
-725.4017588126318
-725.402807438304
-725.4038515748174
-725.4048912474925
-725.40592648087
-725.406957299909
-725.4079837286905
-725.4090057918339
-725.4100235132872
-725.4110367889094
-725.4120458996478
-725.4130507399901
-725.4140513334387
-725.4150477033033
-725.4160398725826
-725.4170278643171
-725.4180117011325
-725.4189914059178
-725.4199670007284
-725.420938508243
-725.4219059502977
-725.4228693490543
-725.4238287263371
-725.4247841037601
-725.4257355028069
-725.4266829450701
-725.4276264514652
-725.4285660433316
-725.4295017415889
-725.4304335667154
-725.4313614329825
-725.4322855752685
-725.4332059059931
-725.4341224456149
-725.4350352142948
-725.435944231644
-725.4368495177312
-725.4377510923139
-725.4386489728266
-725.4395431824186
-725.4404337385954
-725.4413206589004
-725.4422039654395
-725.4430836739485
-725.4439598066181
-725.4448323786654
-725.445701411678
-725.4465669211207
-725.4474289282285
-725.448287448186
-725.4491425021184
-725.4499941045138
-725.4508422766554
-725.451687032741
-725.4525283064394
-725.4533662872179
-725.4542009078355
-725.4550321818285
-725.4558601296483
-725.4566847651552
-725.457506108178
-725.4583241726252
-725.4591389780643
-725.4599505377759
-725.4607588717374
-725.4615639925873
-725.462365920051
-725.4631646669526
-725.4639602525783
-725.46475268951
-725.465541996726
-725.4663281869733
-725.4671112785855
-725.4678912842901
-725.4686682222765
-725.4694421051951
-725.4702129508274
-725.4709807715559
-725.4717455852677
-725.4725074040363
-725.4732661818675
-725.4740220585131
-725.4747749872809
-725.4755249796967
-725.4762720530276
-725.4770162187885
-725.4777574942888
-725.4784958905956
-725.4792314246915
-725.4799641078057
-725.4806939567037
-725.4814209822811
-725.4821452010609
-725.4828666240724
-725.4835852673261
-725.4843011419565
-725.4850142637481
-725.4857246435
-725.4864322955959
-725.4871372347822
-725.4878394713089
-725.4885390193864
-725.4892358933776
-725.489930103566
-725.4906216638391
-725.4913105883678
-725.4919968869175
-725.4926805734176
-725.4933616616296
-725.4940401180802
-725.4947160434117
-725.4953894075413
-725.496060219745
-725.4967284932588
-725.4973942401933
-725.4980574726148
-725.4987182020727
-725.4993764406842
-725.5000321999877
-725.5006854917434
-725.5013363273562
-725.5019847183511
-725.5026306763073
-725.503274212502
-725.5039153381663
-725.5045540647072
-725.5051904031408
-725.5058243644439
-725.5064559599759
-725.5070852005072
-725.5077120969206
-725.5083366599362
-725.5089589008282
-725.5095788297917
-725.5101964576355
-725.5108117950343
-725.5114248523975
-725.5120356402582
-725.5126441688757
-725.5132504488519
-725.5138544902816
-725.514456303443
-725.5150558733429
-725.5156532610579
-725.5162484508976
-725.5168414528731
-725.5174322767336
-725.5180209323865
-725.5186074297956
-725.5191917785937
-725.5197739884447
-725.5203540690795
-725.5209320301203
-725.5215078810063
-725.5220816314571
-725.5226532905059
-725.5232228678036
-725.5237903727154
-725.5243558143959
-725.5249192020315
-725.5254805448664
-725.5260398520377
-725.5265971325907
-725.5271523955255
-725.5277056497265
-725.5282569041927
-725.5288061679283
-725.5293534494349
-725.5298987578093
-725.5304421015056
-725.5309834893942
-725.5315229298816
-725.5320604317012
-725.532596003422
-725.5331296532482
-725.5336613898571
-725.5341912215705
-725.5347191567531
-725.5352452036361
-725.5357693704722
-725.536291656372
-725.5368120884178
-725.5373306650581
-725.5378473940546
-725.5383622837002
-725.5388753417404
-725.5393865764511
-725.5398959953092
-725.5404036064532
-725.5409094175952
-725.5414134365626
-725.5419156709114
-725.5424161284328
-725.5429148169244
-725.5434117437161
-725.5439069165511
-725.5444003428362
-725.544892030044
-725.5453819856212
-725.5458702170902
-725.5463567317647
-725.5468415368723
-725.5473246396784
-725.5478060475741
-725.5482857675943
-725.5487638071163
-725.5492401730601
-725.5497148726254
-725.5501879127305
-725.5506593005811
-725.5511290429658
-725.551597147002
-725.5520636194957
-725.552528467335
-725.5529916974126
-725.5534533163009
-725.5539133310378
-725.5543717481539
-725.5548285744063
-725.5552838165881
-725.5557374810874
-725.5561895746689
-725.5566401037631
-725.5570890784488
-725.5575364986702
-725.5579823741089
-725.5584267109772
-725.5588695156687
-725.5593107943577
-725.559750553681
-725.5601887997176
-725.5606255387181
-725.5610607770357
-725.5614945207551
-725.5619267760384
-725.5623575490946
-725.5627868459333
-725.563214672736
-725.5636410353228
-725.5640659398813
-725.5644893923649
-725.5649113986183
-725.5653319645312
-725.5657510961449
-725.5661687992248
-725.5665850796549
-725.566999943202
-725.5674133954892
-725.5678254424445
-725.5682360896195
-725.5686453428654
-725.5690532077033
-725.569459689744
-725.5698647946497
-725.5702685280145
-725.5706708952439
-725.5710719019602
-725.5714715535971
-725.5718698556815
-725.5722668134789
-725.5726624325433
-725.5730567182497
-725.5734496758074
-725.5738413107134
-725.5742316281898
-725.5746206334588
-725.5750083317399
-725.5753947283956
-725.5757798285468
-725.5761636373716
-725.5765461598295
-725.5769274013203
-725.5773073667319
-725.5776860734326
-725.5780635027154
-725.5784396710534
-725.5788145834784
-725.5791882450559
-725.5795606606163
-725.5799318351485
-725.5803017735101
-725.5806704806245
-725.5810379612533
-725.5814042202998
-725.581769262549
-725.5821330927683
-725.5824957156257
-725.5828571360647
-725.583217358705
-725.5835763881718
-725.583934229059
-725.5842908862769
-725.5846463641834
-725.585000667512
-725.5853538008928
-725.5857057687244
-725.586056575638
-725.5864062261172
-725.5867547246293
-725.5871020758075
-725.587448283856
-725.5877933533291
-725.5881372886173
-725.5884800942013
-725.5888217742711
-725.5891623332552
-725.5895017755299
-725.5898401053222
-725.5901773269321
-725.5905134446333
-725.5908484626912
-725.5911823853427
-725.5915152167456
-725.5918469610446
-725.5921776225815
-725.5925072051838
-725.592835713278
-725.5931631509237
-725.5934895220703
-725.5938148308855
-725.5941390814169
-725.5944622777608
-725.5947844237606
-725.5951055235247
-725.595425580978
-725.5957446001967
-725.5960625849589
-725.5963795392712
-725.5966954670929
-725.5970103722451
-725.5973242584943
-725.5976371298595
-725.5979490063197
-725.598259859695
-725.5985697097337
-725.5988785599637
-725.5991864141547
-725.5994932762804
-725.5997991498617
-725.6001040385948
-725.6004079462197
-725.6007108765838
-725.6010128331354
-725.6013138196165
-725.601613839564
-725.6019128967072
-725.6022109945757
-725.6025081368077
-725.6028043268423
-725.6030995684439
-725.6033938649206
-725.6036872199666
-725.6039796369129
-725.6042711193458
-725.6045616706934
-725.6048512944099
-725.6051399940177
-725.6054277728845
-725.6057146343246
-725.6060005818788
-725.606285618833
-725.606569748664
-725.6068529746486
-725.6071353000617
-725.607416728242
-725.607697262524
-725.6079769062293
-725.6082556625577
-725.608533534837
-725.6088105262054
-725.6090866400775
-725.6093618795184
-725.6096362478327
-725.6099097480292
-725.6101823835077
-725.6104541573177
-725.6107250725754
-725.610995132448
-725.6112643401698
-725.6115326986371
-725.6118002111392
-725.6120668806049
-725.6123327102175
-725.6125977028656
-725.6128618618043
-725.6131251898399
-725.6133876901763
-725.6136493657083
-725.6139102194463
-725.6141702544091
-725.6144294734573
-725.6146878796889
-725.6149454758595
-725.6152022649426
-725.6154582499925
-725.615713433733
-725.6159678192034
-725.6162214091199
-725.6164742064693
-725.6167262139877
-725.6169774346737
-725.6172278711863
-725.6174775411936
-725.6177264183731
-725.6179745199421
-725.6182218484731
-725.6184684068278
-725.6187141979133
-725.6189592241969
-725.6192034885421
-725.619446993692
-725.6196897423887
-725.6199317371904
-725.6201729808852
-725.6204134761197
-725.6206532255305
-725.6208922317971
-725.6211304975748
-725.6213680254559
-725.6216048180795
-725.6218408780405
-725.6220762079007
-725.6223108102906
-725.6225446877856
-725.6227778429179
-725.6230102782981
-725.6232419963925
-725.6234729997897
-725.6237032910647
-725.6239328725136
-725.6241617468537
-725.6243899165058
-725.6246173837853
-725.6248441514721
-725.6250702218099
-725.6252955973354
-725.625520280343
-725.625744273512
-725.6259675789884
-725.6261901994294
-725.6264121369761
-725.626633394265
-725.6268539734233
-725.6270738770622
-725.6272931074246
-725.6275116668843
-725.6277295577619
-725.6279467824058
-725.628163343069
-725.6283792421142
-725.6285944818992
-725.6288090646023
-725.6290229926041
-725.6292362681254
-725.6294488934068
-725.6296608708343
-725.6298722024626
-725.6300828906659
-725.6302929375679
-725.6305023455844
-725.630711116638
-725.6309192531305
-725.6311267572114
-725.6313336310521
-725.6315398768575
-725.6317454967381
-725.631950492879
-725.6321548673939
-725.6323586224908
-725.6325617602088
-725.6327642828054
-725.6329661922437
-725.6331674907168
-725.6333681803696
-725.6335682630763
-725.633767741187
-725.6339666165649
-725.6341648914104
-725.6343625677141
-725.6345596475215
-725.6347561328924
-725.6349520258328
-725.635147328417
-725.6353420425804
-725.6355361703808
-725.6357297137499
-725.6359226748118
-725.6361150554253
-725.6363068663483
-725.6364980925559
-725.6366887442226
-725.6368788233558
-725.6370683318318
-725.6372572717064
-725.637445644736
-725.6376334529708
-725.6378206983496
-725.6380073826737
-725.6381935079431
-725.6383790758923
-725.6385640885682
-725.638748547807
-725.6389324553952
-725.6391158133348
-725.639298623351
-725.6394808873393
-725.6396626071222
-725.6398437845702
-725.6400244214506
-725.6402045196301
-725.6403840809613
-725.6405631071088
-725.640741600001
-725.6409195613838
-725.6410969929836
-725.6412738967094
-725.641450274166
-725.6416261273034
-725.6418014576441
-725.6419762671723
-725.6421505574847
-725.6423243303641
-725.6424975874864
-725.6426703306495
-725.6428425615396
-725.6430142818909
-725.6431854933165
-725.6433561975969
-725.6435263964535
-725.6436960914557
-725.6438652842685
-725.6440339767129
-725.6442021703806
-725.6443698669171
-725.6445370679511
-725.6447037750695
-725.6448699900302
-725.6450357144664
-725.645200949919
-725.6453656980373
-725.645529960433
-725.6456937388195
-725.6458570346304
-725.6460198494743
-725.6461821850869
-725.6463440429297
-725.6465054245901
-725.6466663316861
-725.6468267657785
-725.6469867283406
-725.6471462210716
-725.6473052453662
-725.6474638028377
-725.6476218950386
-725.6477795234781
-725.6479366896478
-725.6480933951619
-725.6482496413971
-725.648405429948
-725.6485607622694
-725.6487156399483
-725.6488700644469
-725.6490240371044
-725.6491775595982
-725.6493306332845
-725.6494832596705
-725.6496354401132
-725.6497871762791
-725.6499384694318
-725.650089321152
-725.6502397327216
-725.6503897057548
-725.6505392415492
-725.6506883415677
-725.6508370072733
-725.6509852401041
-725.651133041287
-725.6512804123687
-725.6514273547881
-725.6515738697965
-725.6517199589415
-725.6518656235016
-725.6520108648559
-725.6521556843612
-725.6523000835447
-725.6524440635221
-725.6525876258181
-725.6527307717282
-725.652873502636
-725.6530158198304
-725.6531577246803
-725.6532992185154
-725.6534403026907
-725.6535809784613
-725.6537212472507
-725.653861110186
-725.6540005688626
-725.6541396243005
-725.6542782760135
-725.6544165295901
-725.654554383809
-725.6546918400987
-725.6548288997519
-725.6549655639355
-725.6551018340491
-725.6552377112919
-725.655373196874
-725.6555082921478
-725.6556429982825
-725.6557773165854
-725.6559112483242
-725.656044794624
-725.65617795685
-725.6563107360895
-725.6564431337141
-725.6565751508406
-725.6567067886969
-725.6568380485699
-725.656968931567
-725.6570994389706
-725.657229571981
-725.657359331726
-725.6574887193948
-725.6576177362635
-725.6577463834368
-725.6578746620988
-725.6580025733958
-725.6581301186186
-725.65825729876
-725.6583841151573
-725.658510568846
-725.6586366610139
-725.6587623927762
-725.6588877653331
-725.6590127797768
-725.6591374372344
-725.659261738882
-725.6593856859168
-725.6595092792842
-725.6596325202345
-725.6597554097879
-725.6598779491873
-725.6600001394102
-725.6601219816071
-725.6602434768643
-725.6603646263839
-725.6604854311131
-725.6606058922263
-725.6607260107803
-725.6608457877834
-725.6609652244881
-725.6610843217495
-725.6612030807981
-725.661321502662
-725.6614395883576
-725.661557338977
-725.6616747556415
-725.6617918392061
-725.6619085908961
-725.6620250117088
-725.6621411027011
-725.6622568648213
-725.6623722991968
-725.6624874067663
-725.6626021886855
-725.6627166458638
-725.6628307793486
-725.6629445889071
-725.6630580779444
-725.6631712464342
-725.6632840940404
-725.6633966240904
-725.6635088365109
-725.6636207311433
-725.6637323111968
-725.6638435765976
-725.6639545270951
-725.6640651659723
-725.664175492009
-725.6642855083172
-725.6643952136807
-725.6645046113568
-725.6646137000151
-725.6647224828046
-725.6648309584857
-725.6649391303174
-725.6650469969335
-725.6651545615139
-725.6652618228031
-725.6653687838946
-725.6654754435682
-725.66558180499
-725.6656878667858
-725.6657936322185
-725.6658990998671
-725.6660042729841
-725.6661091501868
-725.6662137346195
-725.6663180250094
-725.6664220244077
-725.6665257316018
-725.6666291496867
-725.6667322772319
-725.6668351174291
-725.6669376690251
-725.6670399349548
-725.6671419140223
-725.6672436092642
-725.6673450193884
-725.6674461474919
-725.6675469921771
-725.6676475564951
-725.6677478392538
-725.6678478433774
-725.6679475676203
-725.6680470149107
-725.6681461840765
-725.6682450779907
-725.6683436954308
-725.6684420394079
-725.6685401085506
-725.6686379058984
-725.6687354301246
-725.6688326842537
-725.6689296669089
-725.6690263810881
-725.6691228254142
-725.6692190029667
-725.6693149123918
-725.6694105565285
-725.6695059342447
-725.669601048297
-725.6696958975315
-725.6697904847149
-725.6698848087418
-725.6699788712149
-725.670072674177
-725.6701662163241
-725.670259499361
-725.670352525216
-725.6704452926052
-725.6705378032808
-725.6706300590772
-725.6707220588623
-725.6708138042426
-725.6709052970991
-725.6709965361804
-725.6710875231962
-725.6711782432691
-725.6712687288717
-725.6713589658361
-725.6714489528945
-725.6715386916557
-725.6716281829204
-725.6717174274869
-725.6718064261341
-725.6718951795237
-725.6719836884284
-725.6720719536537
-725.672159975906
-725.6722477558536
-725.6723352943427
-725.6724225920672
-725.6725096496498
-725.6725964680132
-725.6726830477339
-725.6727693895458
-725.6728554942185
-725.6729413624448
-725.6730269949765
-725.6731123924246
-725.6731975555666
-725.673282485149
-725.6733671818373
-725.6734516462947
-725.6735358792788
-725.6736198815029
-725.6737036535602
-725.6737871962182
-725.6738705101743
-725.6739535961078
-725.6740364547412
-725.6741190866217
-725.6742014925966
-725.6742836732744
-725.674365629299
-725.6744473613369
-725.6745288702197
-725.6746101564082
-725.6746912206879
-725.6747720636905
-725.6748526860725
-725.6749330885592
-725.6750132717725
-725.6750932362919
-725.6751729829014
-725.6752525121489
-725.6753318247522
-725.6754109213315
-725.6754898025586
-725.6755684690692
-725.6756469214364
-725.6757251603957
-725.6758031865667
-725.6758810005781
-725.6759586029859
-725.6760359945242
-725.6761131758021
-725.6761901474282
-725.6762669099872
-725.6763434641878
-725.6764198105992
-725.6764959498263
-725.6765718825525
-725.6766476093775
-725.6767231308719
-725.6767984476254
-725.6768735603011
-725.6769484694979
-725.677023175848
-725.6770976798872
-725.6771719822706
-725.6772460835425
-725.6773199844199
-725.6773936853431
-725.6774671869924
-725.677540489965
-725.6776135948359
-725.6776865021542
-725.6777592125545
-725.6778317266168
-725.6779040449194
-725.6779761680175
-725.6780480965322
-725.6781198309983
-725.6781913720056
-725.678262720086
-725.6783338759027
-725.6784048399747
-725.6784756128721
-725.6785461951573
-725.6786165873472
-725.6786867900964
-725.6787568038943
-725.6788266293667
-725.6788962670051
-725.6789657173691
-725.6790349810173
-725.6791040585235
-725.6791729504247
-725.6792416572915
-725.679310179591
-725.6793785179973
-725.6794466729409
-725.6795146449808
-725.6795824346843
-725.6796500425386
-725.6797174691758
-725.679784715025
-725.6798517806819
-725.6799186666626
-725.6799853734751
-725.6800519016736
-725.6801182517607
-725.6801844242447
-725.6802504196942
-725.6803162386219
-725.680381881516
-725.680447348907
-725.680512641295
-725.6805777592084
-725.6806427031663
-725.6807074736894
-725.680772071223
-725.6808364963609
-725.6809007495167
-725.6809648312777
-725.6810287420994
-725.6810924824752
-725.6811560529586
-725.6812194539406
-725.6812826860449
-725.6813457496994
-725.6814086453729
-725.6814713735964
-725.6815339348676
-725.6815963296251
-725.681658558391
-725.6817206216248
-725.6817825198232
-725.6818442534984
-725.6819058230923
-725.6819672291014
-725.6820284719852
-725.6820895522231
-725.6821504702874
-725.6822112266494
-725.6822718218168
-725.6823322562403
-725.6823925303229
-725.6824526446344
-725.6825125995495
-725.6825723955827
-725.6826320331705
-725.6826915128394
-725.6827508349598
-725.6828099999941
-725.6828690084668
-725.6829278608196
-725.6829865574551
-725.6830450988309
-725.6831034854355
-725.6831617177193
-725.683219796092
-725.6832777209805
-725.683335492923
-725.6833931122965
-725.683450579546
-725.6835078951184
-725.6835650594676
-725.683622072988
-725.6836789361278
-725.6837356493635
-725.6837922131269
-725.6838486277888
-725.6839048938472
-725.6839610116865
-725.6840169817494
-725.6840728045045
-725.6841284802817
-725.6841840095993
-725.6842393928168
-725.6842946303723
-725.6843497227361
-725.684404670235
-725.6844594733622
-725.6845141325109
-725.6845686480841
-725.6846230205038
-725.6846772502151
-725.6847313375279
-725.6847852829626
-725.6848390868746
-725.6848927496872
-725.6849462718196
-725.6849996536749
-725.6850528955874
-725.685105998013
-725.6851589613714
-725.68521178603
-725.6852644724019
-725.6853170209097
-725.6853694318833
-725.6854217057617
-725.6854738429591
-725.6855258438193
-725.6855777087105
-725.6856294381207
-725.6856810323843
-725.6857324919054
-725.6857838169777
-725.6858350081027
-725.6858860656204
-725.6859369899059
-725.6859877814062
-725.686038440386
-725.6860889672748
-725.6861393624774
-725.6861896263969
-725.6862397593031
-725.6862897616319
-725.6863396337827
-725.6863893476045
-725.6864389608056
-725.6864884448958
-725.6865378002877
-725.6865870272501
-725.6866361262842
-725.6866850976628
-725.6867339418218
-725.6867826590108
-725.6868312496669
-725.6868797142181
-725.6869280528865
-725.6869762661344
-725.6870243542511
-725.6870723176595
-725.6871201566272
-725.6871678715876
-725.6872154628508
-725.6872629308027
-725.6873102757476
-725.6873574980839
-725.6874045981217
-725.687451576215
-725.6874984327669
-725.6875451680149
-725.687591782416
-725.6876382762268
-725.6876846498443
-725.6877309035892
-725.6877770377553
-725.6878230528263
-725.6878689489362
-725.6879147266123
-725.6879603860226
-725.6880059276584
-725.6880513517724
-725.6880966586878
-725.6881418487336
-725.6881869222938
-725.6882318796759
-725.6882767211524
-725.6883214471527
-725.6883660579205
-725.6884105537913
-725.6884549351079
-725.688499202221
-725.6885433554511
-725.6885873950628
-725.6886313214324
-725.6886751348333
-725.6887188356113
-725.6887624240819
-725.6888059005835
-725.6888492653756
-725.688892518851
-725.6889356612501
-725.6889786929063
-725.6890216141721
-725.6890644253265
-725.6891071266763
-725.6891497185495
-725.6891922012082
-725.6892345750082
-725.6892768402741
-725.6893189972619
-725.6893610462644
-725.6894029876659
-725.6894448216871
-725.6894865486498
-725.6895281689057
-725.689569682667
-725.6896110903192
-725.689652392114
-725.6896935883397
-725.6897346793335
-725.689775665348
-725.689816546722
-725.6898573236742
-725.6898979966337
-725.6899385657343
-725.6899790313628
-725.6900193937619
-725.6900596532618
-725.69009981016
-725.6901398647213
-725.6901798172026
-725.6902196679293
-725.6902594171607
-725.6902990651917
-725.6903386123149
-725.6903780588324
-725.6904174049934
-725.6904566510574
-725.690495797329
-725.6905348441079
-725.6905737916501
-725.6906126402661
-725.6906513901921
-725.6906900416759
-725.6907285950668
-725.690767050584
-725.6908054085033
-725.6908436691756
-725.6908818327654
-725.6909198996203
-725.6909578699818
-725.6909957440614
-725.6910335222499
-725.6910712046807
-725.6911087917366
-725.6911462836142
-725.691183680611
-725.6912209829491
-725.6912581909736
-725.691295304878
-725.6913323249053
-725.6913692514241
-725.6914060845617
-725.6914428246405
-725.6914794719571
-725.6915160266877
-725.6915524891732
-725.6915888596186
-725.6916251382769
-725.691661325434
-725.6916974213141
-725.691733426214
-725.6917693403369
-725.6918051639652
-725.6918408973028
-725.6918765406896
-725.6919120942465
-725.6919475583888
-725.6919829332187
-725.692018219046
-725.6920534161088
-725.6920885246866
-725.6921235449681
-725.692158477231
-725.6921933216927
-725.692228078623
-725.6922627482561
-725.6922973308448
-725.6923318266104
-725.6923662358189
-725.6924005586505
-725.6924347954155
-725.6924689462946
-725.6925030115731
-725.6925369914926
-725.6925708862365
-725.692604696067
-725.6926384212286
-725.6926720619518
-725.6927056184446
-725.6927390909536
-725.6927724797237
-725.6928057849807
-725.6928390069681
-725.6928721458888
-725.6929052019934
-725.6929381754828
-725.6929710665785
-725.6930038755673
-725.6930366026068
-725.6930692479932
-725.6931018118962
-725.6931342945462
-725.6931666961966
-725.6931990170175
-725.693231257321
-725.6932634172186
-725.693295497027
-725.6933274969055
-725.6933594170873
-725.6933912578121
-725.693423019266
-725.6934547016765
-725.6934863053021
-725.6935178303028
-725.6935492769369
-725.6935806454024
-725.6936119358803
-725.6936431486639
-725.6936742838669
-725.6937053417647
-725.6937363225835
-725.6937672264972
-725.6937980537292
-725.6938288045056
-725.6938594790231
-725.693890077455
-725.6939206000777
-725.693951047026
-725.6939814185687
-725.6940117148815
-725.6940419362021
-725.6940720826692
-725.6941021545648
-725.6941321520528
-725.6941620753361
-725.6941919246391
-725.6942217001113
-725.6942514020249
-725.6942810305405
-725.6943105858757
-725.6943400681914
-725.6943694777119
-725.6943988146724
-725.6944280792281
-725.6944572716021
-725.694486391976
-725.6945154405147
-725.6945444174584
-725.6945733230057
-725.6946021573309
-725.694630920605
-725.6946596131021
-725.6946882349058
-725.6947167863178
-725.6947452674765
-725.6947736785503
-725.6948020197663
-725.6948302912865
-725.6948584933366
-725.6948866261079
-725.6949146897218
-725.6949426844443
-725.6949706104335
-725.6949984678655
-725.6950262569017
-725.6950539778005
-725.6950816306775
-725.6951092157955
-725.6951367332566
-725.6951641832908
-725.6951915660618
-725.6952188817729
-725.695246130596
-725.6952733126694
-725.6953004282659
-725.6953274774827
-725.6953544605678
-725.6953813776278
-725.6954082288961
-725.6954350145497
-725.6954617347154
-725.6954883896071
-725.6955149794251
-725.6955415043188
-725.6955679644614
-725.6955943600402
-725.6956206912059
-725.6956469581751
-725.6956731610773
-725.6956993001047
-725.6957253754264
-725.6957513872286
-725.6957773356888
-725.6958032209484
-725.695829043175
-725.6958548026194
-725.6958804993153
-725.6959061335305
-725.6959317054265
-725.6959572151319
-725.6959826628698
-725.6960080487436
-725.6960333729422
-725.6960586356746
-725.6960838370475
-725.6961089772726
-725.69613405649
-725.6961590748556
-725.6961840325431
-725.6962089297458
-725.69623376657
-725.696258543236
-725.6962832598633
-725.6963079166454
-725.6963325137274
-725.6963570512313
-725.6963815293908
-725.6964059483263
-725.6964303082076
-725.6964546091909
-725.6964788514022
-725.6965030350384
-725.6965271602586
-725.6965512272241
-725.6965752360475
-725.6965991869088
-725.6966230800163
-725.6966469154372
-725.6966706933772
-725.6966944139806
-725.6967180773905
-725.6967416837864
-725.6967652333103
-725.6967887260976
-725.6968121623238
-725.6968355421143
-725.6968588656553
-725.6968821330626
-725.6969053445131
-725.696928500131
-725.6969516001038
-725.6969746445845
-725.6969976336446
-725.6970205674961
-725.6970434462817
-725.6970662701426
-725.6970890392192
-725.6971117536672
-725.6971344136389
-725.6971570192483
-725.697179570682
-725.6972020680644
-725.6972245115338
-725.6972469012538
-725.697269237349
-725.6972915199673
-725.6973137492539
-725.6973359253604
-725.6973580484254
-725.6973801185572
-725.6974021359654
-725.6974241007479
-725.6974460129993
-725.6974678729503
-725.6974896806811
-725.6975114363546
-725.6975331401035
-725.6975547920782
-725.6975763923933
-725.6975979412036
-725.6976194386316
-725.6976408848424
-725.6976622799499
-725.6976836240974
-725.6977049173922
-725.6977261600322
-725.697747352086
-725.6977684937223
-725.6977895850499
-725.6978106262651
-725.6978316174132
-725.6978525587277
-725.6978734502362
-725.6978942921677
-725.6979150845872
-725.6979358276396
-725.6979565214917
-725.6979771662067
-725.6979977619583
-725.6980183088948
-725.6980388071247
-725.698059256751
-725.6980796579393
-725.698100010817
-725.6981203155007
-725.6981405721184
-725.6981607808051
-725.698180941666
-725.6982010548529
-725.6982211204673
-725.6982411386853
-725.6982611095575
-725.6982810332851
-725.6983009099432
-725.6983207396835
-725.6983405225915
-725.6983602588374
-725.6983799485264
-725.6983995917801
-725.6984191887225
-725.6984387394497
-725.6984582441173
-725.6984777028854
-725.6984971157783
-725.6985164829887
-725.6985358046245
-725.6985550807948
-725.6985743116113
-725.6985934972412
-725.698612637734
-725.6986317332506
-725.6986507838917
-725.6986697600131
-725.6986887215431
-725.6987076385712
-725.698726511207
-725.6987453395725
-725.6987641237557
-725.6987828639259
-725.6988015601365
-725.6988202125588
-725.6988388212868
-725.6988573864154
-725.6988759081104
-725.6988943864139
-725.6989128215081
-725.6989312134738
-725.698949562434
-725.6989678684754
-725.6989861317556
-725.6990043523527
-725.6990225304071
-725.6990406659966
-725.6990587592803
-725.6990768103288
-725.6990948192455
-725.6991127861806
-725.6991307112226
-725.6991485944972
-725.6991664360773
-725.6991842360983
-725.6992019946713
-725.6992197118796
-725.6992373878926
-725.6992550227536
-725.6992726165913
-725.6992901695473
-725.6993076816697
-725.6993251531044
-725.6993425839439
-725.6993599743145
-725.6993773242998
-725.6993946340234
-725.6994119035569
-725.6994291330307
-725.699446322572
-725.6994634722445
-725.6994805821586
-725.6994976524678
-725.6995146832098
-725.6995316745127
-725.699548626477
-725.6995655392427
-725.6995824128588
-725.6995992474717
-725.699616043141
-725.6996327999988
-725.6996495181572
-725.6996661976646
-725.6996828386584
-725.699699441246
-725.6997160055096
-725.6997325315592
-725.69974901951
-725.6997654694159
-725.6997818814273
-725.6997982556065
-725.6998145920714
-725.6998308909169
-725.6998471522496
-725.6998633761348
-725.699879562715
-725.699895712034
-725.6999118242321
-725.6999278994218
-725.6999439376463
-725.6999599390259
-725.6999759036767
-725.6999918316549
-725.7000077230846
-725.7000235780512
-725.7000393966523
-725.7000551789745
-725.7000709251311
-725.7000866352008
-725.7001023092846
-725.7001179474622
-725.7001335498543
-725.7001491165057
-725.7001646475717
-725.7001801431005
-725.700195603214
-725.7002110279749
-725.7002264174907
-725.7002417718297
-725.700257091135
-725.7002723754402
-725.7002876248848
-725.7003028395308
-725.7003180194715
-725.7003331647941
-725.7003482756123
-725.70036335198
-725.7003783940191
-725.700393401809
-725.7004083753831
-725.7004233149374
-725.7004382204726
-725.7004530921264
-725.7004679299621
-725.700482734051
-725.7004975045337
-725.7005122414377
-725.7005269449014
-725.7005416149814
-725.7005562517722
-725.7005708553462
-725.7005854258156
-725.7005999632424
-725.700614467712
-725.7006289393572
-725.7006433781739
-725.7006577843364
-725.700672157878
-725.7006864988887
-725.7007008074435
-725.7007150836764
-725.70072932763
-725.7007435393884
-725.7007577190262
-725.7007718666599
-725.7007859823594
-725.7008000661767
-725.7008141182354
-725.7008281385771
-725.7008421273291
-725.7008560845558
-725.7008700103049
-725.700883904709
-725.7008977678204
-725.7009115997265
-725.7009254004881
-725.700939170214
-725.700952908981
-725.7009666168577
-725.7009802939109
-725.7009939402584
-725.7010075559602
-725.7010211410814
-725.701034695714
-725.7010482199056
-725.7010617137888
-725.7010751774143
-725.7010886108644
-725.701102014207
-725.7011153875259
-725.7011287308928
-725.7011420443993
-725.7011553280942
-725.7011685820946
-725.7011818064582
-725.7011950012461
-725.7012081665436
-725.7012213024138
-725.7012344089737
-725.7012474862471
-725.7012605343522
-725.7012735533505
-725.7012865433037
-725.7012995042977
-725.7013124363858
-725.7013253396859
-725.7013382142064
-725.7013510600909
-725.7013638773652
-725.7013766661337
-725.701389426437
-725.7014021583956
-725.7014148620266
-725.7014275374373
-725.7014401846765
-725.7014528038529
-725.7014653950058
-725.7014779582169
-725.7014904935629
-725.7015030010903
-725.7015154809116
-725.7015279330617
-725.7015403576313
-725.7015527546887
-725.7015651243031
-725.7015774665364
-725.7015897814559
-725.7016020691289
-725.7016143296539
-725.7016265630842
-725.7016387694893
-725.7016509489274
-725.7016631014856
-725.701675227212
-725.7016873261763
-725.7016993984752
-725.7017114441397
-725.7017234632664
-725.7017354559106
-725.7017474221261
-725.7017593620049
-725.7017712756145
-725.7017831630156
-725.7017950242467
-725.7018068594072
-725.701818668572
-725.7018304517823
-725.7018422090978
-725.7018539405967
-725.7018656463746
-725.7018773264393
-725.7018889808882
-725.7019006097901
-725.701912213215
-725.7019237912104
-725.7019353438491
-725.7019468711857
-725.7019583732695
-725.7019698502265
-725.7019813020815
-725.7019927288713
-725.702004130689
-725.7020155076142
-725.7020268596791
-725.7020381869722
-725.7020494895182
-725.7020607674272
-725.7020720207264
-725.702083249496
-725.7020944537843
-725.7021056336638
-725.7021167891957
-725.7021279204524
-725.7021390274936
-725.7021501103354
-725.7021611690864
-725.7021722038005
-725.7021832145417
-725.7021942013523
-725.7022051643002
-725.702216103455
-725.7022270188668
-725.7022379106143
-725.7022487787063
-725.7022596232748
-725.7022704443367
-725.702281241943
-725.7022920161797
-725.7023027670888
-725.7023134947401
-725.7023241991845
-725.7023348804818
-725.7023455386869
-725.702356173872
-725.7023667860891
-725.7023773753655
-725.7023879418246
-725.7023984854645
-725.7024090063536
-725.7024195045707
-725.7024299801533
-725.7024404332001
-725.7024508637165
-725.7024612717661
-725.702471657426
-725.7024820207452
-725.7024923617798
-725.7025026805818
-725.7025129772084
-725.7025232517142
-725.7025335041766
-725.7025437346016
-725.7025539430986
-725.7025641297192
-725.7025742944627
-725.7025844374364
-725.702594558671
-725.7026046582181
-725.7026147361764
-725.702624792548
-725.7026348273992
-725.7026448407917
-725.7026548328002
-725.7026648034471
-725.7026747528012
-725.7026846808861
-725.7026945878036
-725.7027044735704
-725.7027143382585
-725.7027241819112
-725.70273400458
-725.7027438063286
-725.7027535872058
-725.7027633472552
-725.7027730865374
-725.702782805088
-725.7027925029876
-725.7028021802846
-725.7028118369926
-725.7028214732273
-725.7028310889613
-725.7028406842971
-725.7028502592964
-725.7028598139791
-725.702869348402
-725.7028788626478
-725.7028883566954
-725.70289783066
-725.7029072845678
-725.7029167184828
-725.7029261324391
-725.7029355264756
-725.7029449006885
-725.7029542550833
-725.7029635897187
-725.702972904651
-725.7029821999378
-725.7029914755966
-725.7030007317319
-725.7030099683134
-725.703019185457
-725.7030283831939
-725.703037561566
-725.7030467206171
-725.7030558603992
-725.7030649809757
-725.7030740823741
-725.7030831646583
-725.7030922278466
-725.7031012720299
-725.7031102972171
-725.7031193034672
-725.7031282908473
-725.7031372593761
-725.7031462091293
-725.70315514012
-725.7031640524143
-725.703172946053
-725.7031818210968
-725.7031906775819
-725.703199515551
-725.7032083350532
-725.7032171361286
-725.7032259188416
-725.7032346831971
-725.703243429293
-725.7032521571443
-725.7032608668086
-725.7032695583198
-725.7032782317286
-725.7032868870779
-725.7032955244161
-725.7033041437714
-725.703312745221
-725.7033213287704
-725.7033298945003
-725.7033384424384
-725.7033469726281
-725.7033554851234
-725.7033639799462
-725.7033724571576
-725.7033809168115
-725.7033893589289
-725.7033977835422
-725.7034061907241
-725.7034145805392
-725.703422952956
-725.7034313080826
-725.7034396459427
-725.7034479665642
-725.7034562700211
-725.7034645563233
-725.7034728255277
-725.7034810776745
-725.7034893128053
-725.703497530961
-725.7035057321982
-725.7035139165516
-725.7035220840428
-725.7035302347249
-725.7035383686565
-725.7035464858754
-725.7035545863907
-725.7035626702695
-725.703570737577
-725.7035787883148
-725.7035868225207
-725.7035948402674
-725.703602841558
-725.7036108264688
-725.7036187950176
-725.7036267472711
-725.7036346832298
-725.7036426029663
-725.7036505064995
-725.7036583938839
-725.7036662651498
-725.7036741203503
-725.7036819595093
-725.7036897826822
-725.7036975898961
-725.7037053811889
-725.7037131566113
-725.7037209161923
-725.7037286599675
-725.703736387988
-725.7037441002799
-725.7037517969048
-725.7037594778832
-725.7037671432419
-725.7037747930574
-725.7037824273214
-725.7037900460979
-725.7037976494155
-725.7038052373291
-725.7038128098711
-725.7038203670538
-725.7038279089542
-725.7038354355836
-725.703842946986
-725.703850443201
-725.7038579242593
-725.703865390199
-725.7038728410629
-725.7038802768951
-725.7038876977077
-725.7038951035611
-725.70390249449
-725.7039098705254
-725.703917231697
-725.7039245780479
-725.703931909613
-725.7039392264335
-725.7039465285255
-725.7039538159659
-725.703961088762
-725.703968346943
-725.703975590546
-725.7039828196299
-725.7039900342198
-725.7039972343314
-725.7040044200231
-725.7040115913376
-725.7040187482729
-725.704025890906
-725.7040330192435
-725.7040401333317
-725.7040472332017
-725.7040543188808
-725.7040613904262
-725.7040684478549
-725.704075491197
-725.7040825205124
-725.7040895358039
-725.7040965371206
-725.7041035245082
-725.7041104979659
-725.7041174575726
-725.704124403318
-725.7041313352785
-725.7041382534503
-725.7041451578987
-725.7041520486391
-725.704158925694
-725.7041657891147
-725.7041726389273
-725.7041794751887
-725.7041862978753
-725.7041931070814
-725.7041999028003
-725.7042066850955
-725.7042134539807
-725.7042202094785
-725.7042269516277
-725.704233680481
-725.704240396061
-725.7042470983716
-725.7042537874898
-725.7042604634279
-725.704267126208
-725.7042737758625
-725.7042804124413
-725.7042870359619
-725.7042936464551
-725.7043002439661
-725.7043068285149
-725.7043134001449
-725.7043199588808
-725.7043265047297
-725.7043330377564
-725.7043395579745
-725.704346065426
-725.7043525601403
-725.7043590421379
-725.7043655114605
-725.704371968148
-725.7043784121979
-725.704384843664
-725.7043912625719
-725.7043976689631
-725.7044040628465
-725.7044104442709
-725.7044168132578
-725.7044231698567
-725.70442951405
-725.7044358459076
-725.7044421654575
-725.7044484722419
-725.7044547672303
-725.7044610495269
-725.704467320109
-725.7044735780304
-725.7044798242973
-725.7044860579858
-725.7044922800543
-725.7044984896229
-725.704504687624
-725.7045108731669
-725.704517047218
-725.7045232088818
-725.7045293590846
-725.7045354969521
-725.7045416234303
-725.7045477376449
-725.7045538405144
-725.7045599311642
-725.7045660105354
-725.704572077737
-725.7045781337392
-725.7045841776096
-725.7045902103288
-725.7045962309966
-725.7046022405634
-725.7046082381452
-725.7046142246473
-725.7046201992114
-725.7046261628009
-725.7046321144903
-725.7046380552312
-725.7046439841482
-725.7046499021765
-725.7046558084365
-725.7046617038667
-725.7046675875711
-725.7046734604703
-725.7046793217414
-725.7046851722615
-725.704691011192
-725.7046968394242
-725.7047026561238
-725.7047084621864
-725.7047142567505
-725.7047200407447
-725.7047258132955
-725.7047315748457
-725.7047373259211
-725.704743065638
-725.7047487944382
-725.704754512839
-725.7047602199748
-725.7047659162545
-725.7047716017402
-725.7047772764715
-725.7047829404673
-725.7047885937536
-725.7047942363507
-725.7047998682925
-725.7048054895919
-725.704811100298
-725.7048167004147
-725.7048222899816
-725.7048278690226
-725.7048334375444
-725.7048389955833
-725.7048445431672
-725.704850080327
-725.7048556070807
-725.7048611234521
-725.7048666294704
-725.7048721251605
-725.7048776105322
-725.704883085627
-725.7048885504588
-725.7048940050587
-725.7048994494522
-725.704904883661
-725.7049103077148
-725.7049157216258
-725.7049211254415
-725.704926519144
-725.7049319027977
-725.7049372763972
-725.7049426400092
-725.7049479936009
-725.7049533372348
-725.7049586709226
-725.7049639946987
-725.7049693085679
-725.7049746125649
-725.7049799066964
-725.7049851910223
-725.7049904655469
-725.7049957302726
-725.7050009852709
-725.7050062305036
-725.7050114660352
-725.7050166918823
-725.7050219080661
-725.7050271146111
-725.7050323115346
-725.7050374988615
-725.7050426766018
-725.705047844816
-725.7050530034784
-725.7050581526489
-725.7050632923457
-725.7050684225702
-725.7050735433522
-725.7050786547237
-725.70508375671
-725.7050888493171
-725.7050939325826
-725.7050990065169
-725.7051040711461
-725.7051091264805
-725.7051141725759
-725.7051192094276
-725.7051242370572
-725.7051292554953
-725.7051342647568
-725.7051392648658
-725.7051442558485
-725.7051492377271
-725.7051542105114
-725.7051591742318
-725.7051641289175
-725.7051690745711
-725.7051740112237
-725.705178938904
-725.7051838576164
-725.7051887674021
-725.7051936682693
-725.7051985602279
-725.705203443319
-725.7052083175563
-725.7052131829593
-725.7052180395718
-725.7052228873748
-725.7052277264091
-725.7052325566892
-725.705237378244
-725.7052421910905
-725.7052469952554
-725.7052517907409
-725.7052565775974
-725.7052613558093
-725.7052661254188
-725.7052708864492
-725.7052756389027
-725.7052803828188
-725.7052851182121
-725.7052898450909
-725.7052945634839
-725.7052992734267
-725.7053039749031
-725.7053086679582
-725.7053133526183
-725.7053180288813
-725.7053226967865
-725.705327356343
-725.7053320075697
-725.7053366504798
-725.7053412851102
-725.7053459114809
-725.7053505295931
-725.7053551394797
-725.7053597411485
-725.7053643346152
-725.7053689199146
-725.7053734970804
-725.7053780660998
-725.7053826269965
-725.705387179807
-725.7053917245355
-725.7053962612031
-725.7054007898347
-725.7054053104483
-725.7054098230614
-725.7054143276861
-725.7054188243535
-725.7054233130713
-725.7054277938514
-725.7054322667295
-725.7054367317224
-725.7054411888423
-725.7054456381077
-725.7054500795425
-725.7054545131447
-725.705458938961
-725.7054633570025
-725.7054677672709
-725.7054721698075
-725.7054765646018
-725.7054809516928
-725.7054853311072
-725.7054897028395
-725.7054940669165
-725.7054984233608
-725.7055027721788
-725.7055071134018
-725.7055114470437
-725.7055157731127
-725.7055200916415
-725.7055244026362
-725.7055287061205
-725.7055330021127
-725.7055372906249
-725.7055415716769
-725.705545845283
-725.7055501114712
-725.7055543702369
-725.7055586216243
-725.705562865632
-725.7055671022781
-725.7055713316057
-725.705575553586
-725.7055797682672
-725.7055839756671
-725.7055881757921
-725.7055923686642
-725.7055965542916
-725.7056007326946
-725.7056049039059
-725.7056090679274
-725.7056132247665
-725.7056173744581
-725.7056215170203
-725.7056256524509
-725.7056297807727
-725.7056339020194
-725.705638016187
-725.7056421232905
-725.7056462233663
-725.7056503164157
-725.7056544024557
-725.7056584815118
-725.7056625535829
-725.7056666187173
-725.7056706768906
-725.7056747281417
-725.7056787724729
-725.7056828099279
-725.7056868404933
-725.7056908642068
-725.7056948810744
-725.7056988910987
-725.7057028943052
-725.7057068907337
-725.7057108803613
-725.7057148632289
-725.7057188393492
-725.7057228087191
-725.7057267713685
-725.705730727327
-725.7057346765941
-725.705738619176
-725.7057425551069
-725.7057464843939
-725.7057504070372
-725.7057543230871
-725.7057582325277
-725.7057621353932
-725.7057660316806
-725.7057699214167
-725.7057738046338
-725.7057776813131
-725.7057815514753
-725.7057854151624
-725.7057892723655
-725.7057931231146
-725.7057969673976
-725.705800805267
-725.7058046367002
-725.7058084617498
-725.705812280401
-725.7058160926721
-725.7058198985865
-725.705823698158
-725.7058274914009
-725.705831278326
-725.7058350589468
-725.7058388332871
-725.7058426013518
-725.7058463631605
-725.7058501187169
-725.7058538680645
-725.7058576111796
-725.7058613480982
-725.7058650788276
-725.7058688033877
-725.7058725217851
-725.7058762340414
-725.7058799401585
-725.7058836401727
-725.7058873340944
-725.705891021912
-725.7058947036536
-725.7058983793393
-725.7059020489776
-725.7059057125787
-725.7059093701768
-725.7059130217501
-725.7059166673408
-725.705920306957
-725.7059239406029
-725.7059275683008
-725.7059311900606
-725.7059348059017
-725.7059384158265
-725.7059420198545
-725.7059456180025
-725.7059492102841
-725.7059527967061
-725.7059563772843
-725.7059599431077
-725.7059635121559
-725.7059670753796
-725.7059706328201
-725.7059741844786
-725.7059777303779
-725.7059812705289
-725.7059848049357
-725.7059883336175
-725.7059918565975
-725.7059953738592
-725.7059988854477
-725.7060023913714
-725.7060058916263
-725.7060093862312
-725.7060128752055
-725.7060163585585
-725.706019836298
-725.706023308457
-725.7060267750185
-725.7060302360301
-725.7060336914533
-725.7060371413515
-725.7060405857105
-725.7060440245456
-725.7060474578847
-725.7060508857246
-725.7060543080813
-725.7060577249703
-725.7060611363943
-725.7060645423691
-725.7060679429162
-725.7060713380492
-725.7060747277674
-725.7060781120897
-725.7060814910355
-725.7060848646017
-725.7060882328104
-725.7060915956598
-725.7060949531833
-725.7060983053881
-725.7061016522731
-725.7061049938646
-725.7061083301667
-725.7061116611985
-725.7061149869575
-725.7061183074734
-725.7061216227386
-725.7061249327809
-725.7061282376108
-725.7061315372334
-725.7061348316672
-725.7061381209035
-725.7061414049915
-725.7061446839176
-725.7061479576826
-725.7061512263252
-725.7061544898461
-725.7061577482493
-725.7061610015483
-725.7061642497715
-725.7061674929107
-725.7061707309862
-725.7061739640094
-725.7061771919862
-725.7061804149306
-725.7061836328529
-725.7061868457694
-725.7061900536853
-725.7061932566186
-725.7061964545823
-725.7061996475718
-725.7062028356178
-725.7062060187104
-725.7062091968793
-725.7062123701219
-725.7062155384663
-725.7062187019084
-725.7062218604615
-725.7062250141352
-725.7062281629485
-725.7062313069124
-725.7062344460253
-725.7062375803071
-725.7062407097662
-725.7062438344176
-725.7062469542789
-725.7062500693373
-725.7062531796241
-725.7062562851465
-725.7062593858988
-725.7062624819112
-725.706265573186
-725.7062686597418
-725.7062717415869
-725.7062748187136
-725.706277891155
-725.7062809589088
-725.7062840219947
-725.7062870804148
-725.7062901341835
-725.7062931833126
-725.7062962278056
-725.706299267687
-725.7063023029498
-725.7063053336136
-725.7063083596965
-725.7063113811822
-725.7063143981053
-725.7063174104768
-725.706320418298
-725.7063234215714
-725.7063264203167
-725.7063294145478
-725.7063324042642
-725.7063353894916
-725.7063383702206
-725.7063413464772
-725.7063443182643
-725.706347285583
-725.7063502484559
-725.706353206897
-725.706356160904
-725.7063591104924
-725.7063620556662
-725.706364996446
-725.7063679328377
-725.7063708648452
-725.7063737924749
-725.706376715751
-725.7063796346745
-725.7063825492587
-725.706385459511
-725.7063883654374
-725.706391267047
-725.7063941643559
-725.7063970573693
-725.7063999461099
-725.706402830556
-725.7064057107475
-725.7064085866876
-725.7064114583719
-725.7064143258308
-725.7064171890479
-725.7064200480501
-725.706422902843
-725.7064257534413
-725.7064285998408
-725.706431442069
-725.7064342801134
-725.7064371139994
-725.7064399437326
-725.7064427693261
