-724.8416681181226
-724.8812932802036
-724.9089538448821
-724.9259725596248
-724.9331869611469
-724.9309999815313
-724.9194192865607
-724.8980877500937
-724.8663106694548
-724.8230875251944
-724.7671573272884
-724.6970667046979
-724.6112690397077
-724.50826070462
-724.3867580711868
-724.2459168903034
-724.0855955949544
-723.9066668513477
-723.7113881817348
-723.5038522170686
-723.290553545494
-723.0812077337949
-722.8910362890362
-722.7637467508525
-722.7888605815191
-722.9219560936447
-723.1043890203258
-723.3114450936143
-723.5292164637569
-723.7474310816514
-723.9581030251704
-724.1556116667691
-724.3364614302275
-724.498649247533
-724.6414221936952
-724.765048542601
-724.8705948507348
-724.9597157847879
-725.0344601262697
-725.0970948571644
-725.1499488471875
-725.1952777236743
-725.235151578395
-725.2713669986697
-725.3053844187781
-725.3382909406386
-725.3707877302747
-725.4031998693306
-725.4355053646111
-725.4673790055461
-725.4982460651236
-725.5273404811148
-725.5537622884775
-725.5765295513594
-725.5946208797234
-725.6070056521964
-725.6126602221541
-725.6105694974209
-725.5997143406593
-725.5790461013391
