-724.8416681181226
-724.8731527198414
-724.8903756025785
-724.896757962699
-724.8954446572718
-724.8892578821519
-724.880658058803
-724.8717082120639
-724.8640399349526
-724.8588206531848
-724.8567234654213
-724.8579020761831
-724.8619743058454
-724.8680183467882
-724.8745861978028
-724.8797386509428
-724.8811056531357
-724.8759748113488
-724.8614093054908
-724.8343941423592
-724.7920072587195
-724.7316086523915
-724.6510380250176
-724.5488094204878
-724.4242918122262
-724.2778689109659
-724.1110810376985
-723.9267635065747
-723.7291917127193
-723.5241651019398
-723.3187189091383
-723.119990646115
-722.9324746038762
-722.7555016447
-722.5836049881221
-722.4092939250835
-722.2264575478129
-722.0331987648191
-721.8338336242512
-721.6402714539759
-721.4726995306219
-721.3576545454765
-721.3237098036271
-721.3866847708782
-721.6567339171776
-721.823991878826
-721.9672681796338
-722.0854757225443
-722.1799007716029
-722.2530438650508
-722.3080158132997
-722.3481552691669
-722.3767623091625
-722.3969007010087
-722.4112413206822
-722.4219288453487
-722.4304601227277
-722.4375663824025
-722.4430933173373
-722.4458743937442
