-2169.1849259216374
-2169.170646028014
-2169.1312182323427
-2169.0712917940914
-2168.9949611047655
-2168.9058544069535
-2168.807216049866
-2168.7019826428605
-2168.5928578694734
-2168.4823859862895
-2168.3730124421027
-2168.2671084585977
-2168.1669332890992
-2168.0745184934053
-2167.9914811508506
-2167.9187994678337
-2167.8566034353166
-2167.804036492411
-2167.7592293547273
-2167.71939984555
-2167.681062603331
-2167.6403104183173
-2167.5931204402195
-2167.535643623006
-2167.464449804837
-2167.376716214797
-2167.2703590632386
-2167.1441139635244
-2166.9975734581817
-2166.831192319019
-2166.6462998424563
-2166.4456111670356
-2166.233485454365
-2166.016820012104
-2165.8128259547175
-2165.649239626969
-2165.535453663496
-2165.46858362063
-2164.565616935522
-2164.6832322225537
-2164.8085100688954
-2164.939984619242
-2165.0756403058776
-2164.3757257336306
-2164.335338516784
-2164.3169933463128
-2164.3182715916555
-2164.336342832735
-2164.367851551975
-2164.4091185919933
-2164.4806444954315
-2164.5424214080563
-2164.566989659769
-2164.6391516583103
-2164.6758165991723
-2164.0607922819167
-2167.0500962593533
-2167.467303797384
-2167.5354515778868
-2167.560486071765
